const short FATALM_map0[16][500] = {
{ 0, 171, 0, 0, 0, 0, 0, 0, 0, 0, 0, 0, 0, 0, 0, 0, 
0, 0, 0, 0, 0, 0, 0, 0, 0, 0, 0, 0, 0, 0, 0, 0, 
0, 0, 0, 0, 0, 0, 0, 0, 0, 0, 0, 0, 0, 0, 0, 0, 
0, 0, 0, 0, 0, 0, 0, 0, 0, 0, 0, 0, 0, 0, 0, 0, 
0, 0, 0, 0, 0, 0, 0, 0, 0, 0, 0, 0, 0, 0, 0, 0, 
0, 0, 0, 0, 0, 0, 0, 0, 0, 0, 0, 0, 0, 0, 0, 0, 
0, 0, 0, 0, 0, 0, 0, 0, 0, 0, 0, 0, 0, 0, 0, 0, 
0, 0, 0, 0, 0, 0, 0, 0, 0, 0, 0, 0, 0, 0, 0, 0, 
0, 0, 0, 0, 0, 0, 0, 0, 0, 0, 0, 0, 0, 0, 0, 0, 
0, 0, 0, 0, 0, 0, 0, 0, 0, 0, 0, 0, 0, 0, 0, 0, 
0, 0, 0, 0, 0, 0, 0, 0, 0, 0, 0, 0, 0, 0, 0, 0, 
0, 0, 0, 0, 0, 0, 0, 0, 0, 0, 0, 0, 0, 0, 0, 0, 
0, 0, 0, 0, 0, 0, 0, 0, 0, 51, 160, 264, -798, 171, -1799, 171, 
1, 23, 2, 42, 1, 1, 22, 1, 1, 1, 22, 2, 1, 43, 1, 1, 
1, 1, 44, 43, 1, 42, 1, 23, 1, 23, 1, 4, 1, 1, 1, 1, 
1, 1, 1, 3, 1, 1, 1, 1, 3, 1, 24, 1, 1, 2, 44, 1, 
1, 24, 1, 4, 3, 81, 121, 122, 123, 123, 122, 122, 121, 128, 125, 126, 
126, 127, 128, 125, 125, 126, 130, 102, 125, 126, 127, 125, 126, 125, 102, 102, 
102, 69, 70, 90, 90, 90, 90, 102, 125, 128, 125, 128, 127, 125, 128, 131, 
125, 126, 126, 128, 125, 126, 127, 126, 126, 121, 123, 122, 141, 142, 142, 143, 
141, 141, 142, 95, 87, 87, 87, 87, 87, 87, 87, 97, 23, 23, 22, 102, 
42, 3, 44, 23, 2, 102, 2, 23, 1, 1, 1, 23, 1, 2, 4, 1, 
1, 24, 1, 22, 22, 1, 3, 1, 1, 24, 22, 22, 3, 54, 61, 135, 
125, 126, 127, 131, 102, 131, 131, 131, 102, 90, 90, 90, 70, 90, 97, 43, 
1, 44, 42, 2, 3, 1, 23, 4, 42, 1, 1, 3, 1, 102, 126, 125, 
125, 131, 88, 105, 103, 88, 128, 126, 125, 128, 125, 137, 64, 55, 55, 55, 
55, 55, 55, 55, 55, 55, 55, 55, 55, 55, 55, 55, 56, 86, 87, 87, 
87, 87, 87, 87, 87, 87, 87, 87, 87, 87, 87, 87, 87, 87, 87, 87, 
87, 87, 87, 87, 87, 87, 87, 97, 4, 22, 2, 1, 24, 24, 22, 1, 
1, 1, 1, 1, 138, 75, 183, 181, 182, 183, 184, 185, 186, 183, 76, 77, 
184, 185, 186, 181, 182, 187, 188, 189, 155, 155, 155, 138, 155, 155, 155, 185, 
186, 75, 77, 77 },
{ 75, 75, 118, 74, 74, 75, 138, 76, 76, 77, 126, 103, 105, 126, 74, 77, 
77, 76, 76, 76, 76, 77, 75, 75, 77, 184, 111, 185, 186, 75, 75, 74, 
77, 77, 74, 102, 2, 42, 4, 3, 4, 42, 22, 4, 44, 42, 44, 102, 
76, 75, 74, 76, 75, 76, 77, 92, 141, 125, 127, 126, 128, 125, 126, 125, 
125, 125, 127, 125, 128, 128, 125, 125, 125, 126, 127, 125, 128, 126, 102, 87, 
87, 87, 87, 97, 3, 1, 4, 22, 2, 3, 1, 42, 1, 1, 1, 1, 
4, 42, 1, 3, 2, 81, 102, 104, 104, 102, 84, 1, 2, 1, 24, 43, 
44, 1, 23, 2, 43, 1, 4, 1, 2, 3, 4, 22, 3, 43, 1, 4, 
22, 22, 3, 1, 22, 3, 1, 43, 44, 23, 42, 1, 43, 3, 1, 22, 
43, 1, 23, 1, 24, 1, 22, 23, 24, 3, 1, 3, 42, 1, 1, 1, 
44, 1, 1, 3, 1, 1, 1, 1, 1, 42, 1, 23, 1, 44, 2, 22, 
23, 1, 4, 44, 1, 1, 44, 1, 3, 23, 4, 1, 1, 22, 1, 1, 
1, 2, 44, 1, 22, 3, 23, 42, 1, 24, 43, 1, 4, 22, 1, 23, 
1, 1, 23, 1, 1, 2, 4, 22, 1, 1, 1, 1, 43, 1, 1, 22, 
1, 1, 22, 1, 23, 4, 4, 1, 1, 22, 1, 1, 42, 1, 1, 4, 
1, 44, 1, 1, 2, 1, 24, 1, 22, 1, 1, 42, 1, 1, 24, 1, 
24, 3, 1, 1, 24, 22, 24, 3, 22, 1, 42, 42, 44, 124, 85, 85, 
81, 121, 128, 122, 84, 81, 130, 104, 131, 101, 105, 131, 131, 103, 106, 106, 
106, 90, 90, 90, 90, 70, 90, 104, 125, 127, 126, 125, 125, 128, 128, 125, 
126, 125, 125, 125, 128, 126, 125, 128, 84, 43, 1, 22, 86, 87, 87, 87, 
87, 87, 87, 87, 87, 87, 87, 87, 87, 87, 87, 97, 22, 44, 23, 106, 
2, 1, 4, 44, 3, 106, 1, 1, 3, 23, 1, 1, 1, 1, 1, 1, 
3, 42, 43, 1, 42, 1, 1, 24, 22, 1, 4, 1, 1, 54, 55, 55, 
61, 136, 126, 125, 102, 131, 131, 130, 102, 90, 90, 90, 90, 90, 97, 1, 
1, 1, 11, 12, 13, 43, 1, 1, 1, 1, 43, 1, 42, 102, 126, 131, 
131, 128, 104, 90, 90, 106, 128, 127, 126, 136, 64, 55, 55, 55, 55, 55, 
55, 55, 55, 55, 55, 55, 55, 55, 55, 55, 55, 55, 56, 86, 87, 87, 
87, 87, 87, 87, 87, 87, 87, 87, 87, 87, 87, 87, 87, 87, 87, 87, 
87, 87, 87, 87, 87, 87, 87, 97, 1, 8, 9, 10, 44, 1, 1, 1, 
24, 1, 1, 1, 138, 74, 74, 77, 74, 77, 77, 74, 74, 75, 77, 74, 
74, 77, 76, 76, 77, 76, 77, 75, 181, 182, 183, 158, 185, 186, 75, 74, 
77, 74, 76, 76 },
{ 74, 77, 138, 118, 77, 76, 138, 75, 75, 74, 106, 155, 155, 104, 74, 77, 
75, 74, 74, 77, 76, 75, 77, 74, 74, 76, 74, 77, 77, 75, 74, 77, 
74, 77, 74, 102, 22, 3, 14, 15, 16, 17, 18, 19, 20, 23, 4, 102, 
76, 76, 76, 76, 76, 76, 76, 87, 87, 92, 142, 125, 128, 127, 125, 126, 
127, 128, 126, 128, 126, 125, 126, 128, 125, 126, 131, 126, 125, 128, 102, 87, 
87, 87, 87, 97, 4, 22, 1, 1, 42, 1, 4, 1, 2, 1, 22, 1, 
1, 1, 2, 1, 1, 1, 102, 102, 102, 102, 43, 4, 4, 22, 3, 1, 
24, 1, 3, 1, 1, 1, 1, 42, 1, 1, 22, 1, 42, 1, 1, 1, 
1, 1, 1, 1, 1, 1, 1, 22, 1, 1, 1, 22, 22, 1, 1, 1, 
42, 1, 1, 1, 1, 1, 1, 44, 1, 42, 1, 1, 44, 1, 1, 44, 
3, 1, 1, 1, 1, 4, 42, 42, 3, 1, 2, 3, 22, 1, 1, 1, 
44, 1, 1, 1, 3, 22, 1, 44, 1, 44, 22, 23, 23, 22, 44, 23, 
1, 22, 1, 1, 22, 44, 1, 22, 1, 42, 1, 1, 1, 1, 2, 3, 
1, 2, 1, 1, 1, 1, 1, 1, 2, 4, 44, 1, 1, 3, 1, 4, 
2, 1, 1, 1, 23, 1, 22, 1, 5, 6, 7, 1, 24, 1, 44, 1, 
1, 43, 43, 1, 1, 1, 1, 4, 1, 1, 1, 24, 1, 4, 1, 2, 
1, 22, 2, 1, 42, 1, 43, 4, 2, 4, 23, 43, 2, 144, 4, 23, 
22, 24, 124, 22, 2, 3, 81, 102, 131, 126, 125, 128, 131, 128, 102, 102, 
102, 88, 88, 88, 88, 88, 88, 102, 126, 125, 128, 141, 142, 121, 123, 122, 
122, 125, 128, 126, 125, 128, 126, 84, 42, 1, 42, 1, 86, 87, 87, 87, 
87, 87, 87, 87, 87, 87, 87, 87, 87, 87, 87, 97, 43, 23, 22, 106, 
4, 22, 1, 42, 22, 106, 23, 42, 42, 1, 42, 4, 23, 43, 1, 1, 
1, 1, 1, 2, 1, 4, 1, 1, 3, 1, 1, 1, 1, 54, 55, 55, 
55, 55, 61, 137, 102, 131, 131, 131, 102, 90, 90, 70, 90, 90, 97, 42, 
1, 1, 31, 32, 33, 23, 44, 1, 42, 1, 23, 1, 1, 102, 128, 127, 
125, 128, 106, 90, 90, 104, 126, 135, 64, 55, 55, 55, 55, 55, 55, 55, 
55, 55, 55, 55, 55, 55, 55, 55, 55, 55, 55, 55, 56, 86, 87, 87, 
87, 87, 87, 87, 87, 87, 87, 87, 87, 87, 87, 87, 87, 87, 87, 87, 
87, 87, 87, 87, 87, 87, 87, 97, 22, 28, 29, 30, 1, 1, 1, 24, 
1, 42, 1, 1, 138, 74, 74, 77, 75, 76, 75, 74, 77, 74, 77, 75, 
74, 74, 77, 74, 76, 77, 77, 77, 77, 75, 74, 77, 74, 75, 77, 74, 
74, 75, 74, 76 },
{ 75, 74, 158, 138, 75, 118, 138, 75, 126, 105, 126, 155, 155, 106, 77, 74, 
75, 77, 77, 76, 76, 76, 77, 74, 76, 76, 75, 77, 77, 75, 74, 77, 
76, 74, 76, 102, 1, 2, 34, 35, 36, 37, 38, 39, 40, 44, 23, 102, 
77, 75, 74, 77, 77, 77, 76, 87, 87, 87, 87, 92, 143, 126, 128, 125, 
126, 125, 128, 88, 88, 88, 88, 88, 126, 128, 128, 128, 131, 125, 102, 87, 
87, 87, 87, 97, 1, 2, 22, 1, 23, 1, 1, 1, 1, 3, 1, 1, 
3, 1, 1, 1, 1, 1, 106, 102, 102, 106, 2, 1, 1, 1, 5, 6, 
7, 1, 1, 4, 3, 1, 44, 43, 2, 44, 23, 4, 24, 43, 23, 43, 
3, 1, 42, 44, 1, 22, 1, 1, 22, 43, 1, 1, 1, 2, 44, 1, 
1, 24, 1, 43, 3, 44, 1, 1, 22, 1, 42, 2, 1, 1, 3, 1, 
1, 4, 42, 1, 1, 1, 44, 1, 1, 1, 1, 1, 1, 4, 1, 3, 
1, 2, 1, 23, 1, 1, 44, 1, 1, 1, 4, 1, 1, 1, 42, 23, 
1, 1, 42, 1, 44, 1, 1, 22, 1, 44, 1, 4, 42, 1, 1, 4, 
22, 2, 23, 1, 24, 23, 44, 43, 1, 4, 43, 1, 1, 2, 1, 1, 
1, 23, 23, 42, 43, 22, 42, 1, 25, 26, 27, 24, 4, 1, 1, 4, 
1, 22, 1, 1, 1, 1, 42, 24, 1, 22, 1, 1, 44, 1, 24, 1, 
44, 1, 1, 3, 22, 42, 1, 43, 1, 23, 2, 1, 4, 42, 1, 1, 
1, 22, 144, 42, 42, 1, 4, 106, 101, 103, 142, 141, 143, 95, 107, 107, 
107, 87, 87, 87, 87, 87, 87, 106, 128, 141, 95, 87, 97, 1, 1, 1, 
1, 124, 81, 128, 127, 126, 84, 43, 42, 44, 3, 1, 86, 87, 87, 87, 
87, 87, 87, 87, 87, 87, 87, 87, 87, 87, 93, 109, 145, 147, 146, 102, 
83, 44, 2, 3, 1, 102, 1, 1, 4, 1, 1, 1, 1, 1, 1, 1, 
1, 24, 1, 1, 23, 1, 1, 1, 1, 24, 44, 22, 42, 54, 55, 55, 
55, 55, 55, 55, 102, 131, 131, 131, 102, 90, 90, 90, 90, 69, 97, 44, 
3, 1, 51, 52, 53, 1, 1, 42, 43, 1, 44, 42, 1, 102, 125, 126, 
126, 127, 88, 103, 105, 88, 84, 54, 55, 55, 55, 55, 55, 55, 55, 55, 
55, 55, 55, 55, 55, 55, 55, 55, 55, 55, 55, 55, 56, 86, 87, 87, 
87, 87, 87, 87, 87, 87, 87, 87, 87, 87, 87, 87, 87, 87, 87, 87, 
87, 87, 87, 87, 87, 87, 87, 97, 2, 48, 49, 50, 22, 24, 42, 1, 
43, 1, 1, 1, 138, 77, 77, 77, 74, 74, 74, 77, 77, 74, 74, 75, 
74, 75, 74, 74, 77, 77, 75, 74, 74, 74, 74, 76, 74, 77, 74, 76, 
76, 77, 74, 76 },
{ 77, 77, 77, 138, 118, 138, 158, 77, 104, 155, 155, 126, 103, 126, 76, 76, 
76, 76, 76, 74, 76, 76, 77, 76, 74, 75, 75, 75, 74, 76, 76, 77, 
74, 76, 77, 102, 22, 44, 42, 22, 23, 4, 44, 3, 44, 4, 44, 102, 
76, 76, 76, 76, 74, 76, 76, 87, 87, 87, 87, 87, 87, 92, 142, 127, 
126, 125, 126, 88, 199, 200, 98, 88, 126, 127, 126, 125, 131, 142, 95, 87, 
87, 87, 87, 97, 2, 4, 23, 3, 4, 44, 1, 1, 3, 4, 42, 1, 
23, 22, 1, 1, 1, 1, 102, 102, 102, 102, 1, 44, 1, 1, 25, 26, 
27, 4, 3, 1, 22, 4, 1, 1, 2, 22, 3, 23, 22, 4, 1, 42, 
1, 1, 4, 1, 22, 2, 1, 4, 22, 23, 1, 43, 1, 42, 24, 1, 
1, 2, 1, 24, 1, 1, 23, 1, 1, 1, 44, 1, 3, 1, 1, 1, 
1, 3, 1, 2, 44, 1, 1, 4, 1, 42, 1, 2, 23, 1, 44, 1, 
23, 1, 22, 1, 1, 24, 44, 1, 1, 1, 1, 1, 22, 23, 1, 1, 
1, 22, 23, 23, 1, 23, 1, 1, 23, 1, 1, 2, 42, 24, 23, 1, 
23, 1, 1, 24, 42, 1, 3, 43, 3, 42, 23, 24, 1, 4, 1, 1, 
1, 44, 44, 1, 1, 1, 1, 1, 45, 46, 47, 1, 24, 1, 1, 1, 
1, 44, 1, 1, 22, 2, 1, 1, 2, 1, 22, 22, 1, 1, 43, 43, 
1, 1, 24, 1, 1, 2, 1, 44, 1, 1, 1, 23, 1, 2, 1, 24, 
42, 1, 4, 2, 44, 1, 1, 102, 87, 87, 87, 87, 87, 87, 87, 87, 
87, 87, 87, 87, 87, 87, 87, 102, 95, 87, 87, 87, 97, 1, 42, 1, 
23, 144, 22, 81, 128, 84, 11, 12, 13, 44, 1, 3, 86, 87, 87, 87, 
87, 87, 87, 87, 87, 149, 150, 150, 150, 151, 92, 142, 143, 125, 126, 128, 
125, 145, 147, 146, 83, 102, 4, 1, 23, 1, 1, 42, 1, 42, 22, 1, 
1, 1, 42, 1, 23, 1, 43, 1, 42, 1, 1, 1, 1, 54, 55, 55, 
55, 55, 55, 55, 102, 131, 131, 130, 102, 70, 69, 90, 90, 90, 97, 1, 
1, 1, 71, 72, 73, 14, 15, 16, 17, 18, 19, 20, 44, 102, 125, 125, 
125, 126, 126, 128, 128, 84, 3, 54, 55, 55, 55, 55, 55, 62, 115, 148, 
148, 148, 148, 148, 148, 148, 148, 148, 148, 148, 148, 148, 148, 148, 148, 148, 
148, 148, 148, 148, 148, 91, 91, 91, 91, 91, 91, 91, 93, 148, 148, 148, 
148, 148, 148, 148, 148, 148, 94, 97, 1, 24, 4, 1, 1, 1, 1, 44, 
1, 1, 24, 1, 158, 74, 74, 74, 77, 77, 76, 76, 76, 77, 76, 77, 
74, 76, 74, 74, 75, 76, 75, 74, 76, 75, 76, 75, 77, 76, 76, 76, 
75, 75, 77, 77 },
{ 75, 77, 77, 138, 138, 138, 76, 77, 106, 155, 155, 126, 105, 126, 77, 74, 
77, 77, 75, 75, 77, 77, 74, 77, 77, 76, 74, 74, 77, 76, 76, 77, 
74, 77, 77, 108, 101, 101, 101, 101, 101, 101, 101, 101, 101, 101, 101, 108, 
74, 74, 76, 75, 76, 76, 76, 87, 87, 87, 87, 87, 87, 87, 87, 92, 
143, 126, 126, 88, 88, 88, 88, 88, 128, 128, 125, 126, 95, 87, 87, 87, 
87, 87, 87, 97, 22, 24, 1, 24, 44, 2, 23, 22, 1, 1, 42, 1, 
4, 1, 24, 1, 23, 1, 102, 104, 104, 102, 24, 4, 3, 1, 45, 46, 
47, 1, 1, 1, 1, 2, 43, 42, 23, 1, 1, 43, 3, 1, 44, 43, 
2, 22, 1, 1, 3, 1, 22, 1, 1, 42, 44, 1, 3, 1, 1, 44, 
44, 43, 1, 1, 42, 1, 1, 1, 42, 44, 1, 4, 1, 42, 1, 1, 
3, 1, 1, 1, 1, 1, 3, 1, 44, 44, 1, 4, 24, 1, 2, 22, 
1, 1, 1, 1, 2, 1, 1, 4, 22, 1, 22, 1, 42, 1, 1, 44, 
1, 1, 1, 1, 23, 44, 42, 1, 1, 23, 1, 4, 3, 1, 1, 1, 
1, 3, 1, 1, 1, 2, 4, 22, 43, 1, 24, 1, 1, 1, 1, 1, 
22, 22, 1, 1, 42, 1, 43, 1, 22, 42, 1, 1, 1, 2, 42, 2, 
23, 4, 1, 24, 22, 24, 3, 42, 44, 1, 1, 3, 42, 44, 23, 42, 
1, 1, 1, 4, 1, 1, 22, 4, 22, 4, 82, 83, 1, 22, 24, 1, 
4, 1, 1, 1, 1, 42, 22, 108, 87, 87, 87, 87, 87, 87, 87, 87, 
87, 87, 87, 87, 87, 87, 87, 107, 87, 87, 87, 87, 97, 1, 1, 43, 
1, 44, 1, 22, 124, 42, 31, 32, 33, 1, 82, 147, 148, 148, 148, 148, 
148, 94, 87, 87, 87, 87, 87, 87, 96, 87, 87, 87, 87, 92, 142, 142, 
126, 128, 126, 128, 127, 128, 1, 42, 1, 3, 1, 1, 2, 1, 42, 1, 
24, 1, 1, 24, 24, 22, 1, 1, 1, 1, 1, 43, 1, 54, 55, 55, 
55, 55, 62, 117, 126, 128, 127, 126, 128, 148, 148, 148, 148, 148, 148, 109, 
83, 42, 44, 23, 43, 34, 35, 36, 37, 38, 39, 40, 1, 102, 127, 128, 
128, 126, 125, 126, 84, 22, 1, 54, 55, 55, 55, 62, 117, 128, 126, 126, 
128, 128, 125, 126, 131, 127, 131, 131, 131, 126, 128, 90, 90, 90, 90, 90, 
69, 90, 70, 90, 3, 22, 23, 24, 2, 3, 82, 147, 128, 127, 125, 88, 
126, 126, 131, 131, 131, 131, 88, 88, 22, 3, 1, 42, 1, 42, 1, 1, 
24, 1, 1, 42, 74, 74, 77, 77, 75, 77, 74, 74, 77, 77, 74, 75, 
75, 74, 74, 76, 75, 76, 77, 74, 76, 74, 77, 76, 74, 76, 75, 77, 
74, 77, 77, 74 },
{ 77, 74, 75, 138, 158, 138, 75, 75, 126, 103, 126, 155, 155, 104, 76, 75, 
76, 76, 77, 75, 74, 74, 77, 74, 74, 77, 74, 77, 77, 77, 76, 76, 
76, 74, 74, 76, 76, 74, 75, 76, 74, 76, 77, 76, 75, 76, 76, 76, 
76, 76, 76, 76, 76, 76, 77, 87, 87, 87, 87, 87, 87, 87, 87, 87, 
87, 92, 141, 142, 143, 142, 142, 141, 141, 142, 95, 96, 87, 87, 87, 87, 
87, 87, 87, 97, 3, 23, 23, 1, 43, 1, 1, 1, 1, 2, 23, 23, 
1, 1, 1, 2, 43, 44, 102, 102, 102, 102, 22, 2, 1, 44, 1, 4, 
1, 2, 43, 1, 1, 1, 3, 4, 1, 4, 2, 23, 1, 4, 3, 1, 
1, 44, 22, 1, 3, 1, 1, 22, 3, 1, 1, 2, 23, 43, 42, 1, 
1, 22, 1, 44, 1, 1, 43, 1, 1, 1, 1, 42, 1, 1, 1, 44, 
1, 2, 1, 44, 4, 1, 1, 1, 1, 1, 23, 1, 44, 1, 3, 1, 
22, 42, 2, 24, 1, 1, 3, 44, 1, 1, 1, 22, 1, 2, 3, 1, 
22, 2, 3, 2, 4, 22, 1, 1, 1, 4, 1, 3, 1, 1, 3, 2, 
23, 1, 22, 22, 1, 4, 22, 44, 1, 23, 1, 2, 4, 24, 22, 1, 
1, 1, 43, 23, 1, 1, 44, 23, 23, 23, 1, 1, 22, 2, 1, 24, 
3, 3, 1, 2, 1, 1, 1, 23, 1, 1, 4, 1, 1, 44, 43, 1, 
4, 1, 22, 1, 43, 3, 1, 129, 147, 146, 125, 126, 145, 83, 44, 1, 
2, 1, 1, 43, 1, 4, 1, 86, 87, 87, 87, 87, 87, 87, 87, 87, 
87, 87, 87, 87, 87, 87, 87, 87, 87, 87, 87, 87, 97, 22, 1, 23, 
24, 1, 4, 1, 144, 43, 51, 52, 53, 4, 81, 123, 126, 122, 127, 130, 
128, 126, 94, 87, 87, 87, 87, 87, 87, 87, 87, 87, 87, 87, 87, 87, 
92, 141, 142, 96, 87, 142, 1, 1, 3, 22, 1, 1, 4, 1, 42, 8, 
9, 10, 4, 1, 1, 1, 22, 1, 4, 3, 42, 44, 1, 54, 55, 55, 
55, 55, 61, 126, 127, 128, 128, 126, 126, 127, 128, 128, 126, 125, 125, 137, 
136, 135, 136, 101, 103, 101, 101, 105, 105, 101, 101, 103, 101, 88, 121, 123, 
122, 121, 122, 84, 42, 43, 44, 54, 55, 62, 116, 125, 127, 125, 128, 125, 
126, 126, 125, 131, 131, 131, 125, 125, 131, 125, 128, 69, 90, 90, 90, 90, 
90, 90, 70, 90, 4, 42, 43, 44, 82, 126, 125, 125, 126, 125, 126, 128, 
125, 131, 131, 131, 131, 126, 89, 88, 24, 1, 22, 22, 1, 1, 1, 1, 
1, 42, 1, 1, 74, 74, 74, 76, 77, 76, 74, 75, 74, 76, 76, 74, 
76, 74, 76, 76, 76, 75, 76, 76, 75, 76, 65, 78, 66, 75, 76, 75, 
75, 77, 74, 74 },
{ 77, 74, 75, 158, 75, 138, 76, 76, 75, 76, 104, 155, 155, 106, 75, 76, 
74, 75, 75, 76, 109, 175, 176, 177, 178, 148, 110, 148, 148, 148, 109, 76, 
77, 77, 74, 76, 75, 76, 76, 74, 77, 76, 76, 76, 74, 76, 76, 75, 
76, 76, 76, 76, 74, 77, 77, 87, 87, 87, 87, 87, 87, 87, 87, 87, 
87, 87, 87, 87, 87, 87, 87, 87, 87, 87, 87, 87, 87, 87, 87, 87, 
87, 87, 87, 97, 44, 42, 1, 2, 44, 1, 22, 22, 44, 1, 24, 1, 
23, 1, 42, 1, 44, 1, 106, 102, 102, 106, 1, 2, 43, 1, 1, 23, 
1, 24, 3, 2, 42, 1, 1, 44, 42, 1, 4, 2, 3, 82, 147, 145, 
146, 147, 83, 4, 22, 22, 1, 23, 42, 1, 4, 42, 1, 44, 1, 3, 
1, 1, 3, 1, 4, 2, 1, 3, 22, 42, 2, 44, 1, 22, 2, 1, 
3, 1, 4, 1, 44, 3, 22, 4, 44, 1, 3, 22, 23, 1, 1, 1, 
43, 1, 1, 1, 42, 1, 1, 2, 1, 1, 2, 1, 22, 1, 4, 1, 
1, 1, 3, 1, 1, 4, 1, 2, 1, 3, 1, 1, 1, 24, 1, 1, 
1, 1, 1, 23, 24, 1, 1, 42, 1, 1, 42, 1, 4, 1, 1, 24, 
1, 1, 1, 44, 1, 23, 1, 1, 1, 22, 43, 1, 4, 23, 3, 43, 
1, 1, 1, 1, 4, 42, 22, 23, 43, 3, 44, 1, 23, 43, 1, 1, 
1, 1, 1, 2, 1, 1, 3, 81, 123, 128, 126, 127, 128, 126, 146, 147, 
83, 2, 42, 1, 1, 1, 1, 86, 87, 87, 87, 87, 87, 87, 87, 87, 
87, 87, 87, 87, 87, 87, 87, 87, 87, 87, 87, 87, 97, 23, 1, 1, 
1, 1, 1, 44, 1, 42, 71, 72, 73, 1, 1, 43, 85, 22, 124, 81, 
121, 128, 126, 94, 87, 87, 87, 87, 87, 87, 87, 87, 87, 87, 87, 87, 
87, 87, 87, 87, 87, 97, 1, 1, 42, 1, 43, 1, 1, 1, 1, 28, 
29, 30, 1, 1, 3, 4, 1, 43, 1, 1, 1, 1, 3, 54, 55, 55, 
55, 55, 55, 55, 61, 126, 126, 128, 128, 126, 111, 111, 111, 111, 127, 55, 
55, 55, 55, 55, 55, 55, 55, 55, 55, 55, 56, 43, 1, 1, 3, 1, 
23, 1, 2, 23, 22, 1, 1, 54, 55, 128, 126, 125, 125, 126, 125, 128, 
125, 127, 131, 131, 131, 131, 126, 126, 128, 128, 125, 90, 90, 90, 70, 90, 
90, 90, 69, 90, 2, 82, 146, 145, 126, 125, 128, 128, 127, 126, 126, 125, 
131, 131, 127, 126, 126, 125, 88, 88, 1, 3, 1, 2, 43, 1, 24, 42, 
1, 42, 1, 1, 76, 76, 75, 76, 76, 74, 74, 76, 75, 76, 74, 77, 
75, 76, 76, 76, 75, 75, 74, 75, 74, 74, 67, 77, 68, 74, 75, 76, 
74, 76, 76, 77 },
{ 74, 77, 76, 76, 74, 158, 74, 76, 76, 76, 126, 105, 103, 126, 77, 75, 
76, 77, 75, 77, 102, 195, 196, 197, 198, 131, 156, 156, 156, 156, 102, 76, 
76, 77, 77, 76, 76, 74, 76, 76, 75, 74, 76, 76, 76, 75, 76, 74, 
76, 75, 76, 75, 77, 74, 77, 87, 87, 87, 87, 87, 87, 87, 87, 87, 
87, 87, 87, 87, 87, 87, 87, 87, 87, 87, 87, 87, 87, 87, 87, 87, 
87, 87, 87, 97, 43, 2, 3, 4, 1, 1, 1, 1, 44, 1, 1, 3, 
1, 23, 1, 1, 1, 1, 102, 102, 102, 102, 42, 23, 24, 1, 4, 44, 
1, 22, 1, 1, 23, 1, 1, 23, 3, 22, 22, 82, 145, 126, 128, 128, 
127, 131, 131, 83, 4, 1, 44, 1, 4, 1, 1, 3, 42, 1, 2, 1, 
1, 1, 4, 1, 1, 1, 4, 1, 1, 4, 1, 1, 3, 1, 1, 4, 
1, 1, 1, 1, 1, 1, 1, 1, 2, 22, 1, 1, 1, 2, 1, 4, 
1, 24, 1, 3, 22, 1, 43, 4, 1, 2, 1, 1, 2, 1, 1, 1, 
1, 4, 1, 1, 1, 3, 1, 1, 23, 1, 1, 1, 44, 1, 22, 3, 
23, 42, 1, 24, 43, 1, 1, 23, 1, 24, 4, 3, 1, 24, 1, 1, 
22, 1, 1, 1, 1, 1, 1, 1, 42, 42, 1, 2, 1, 1, 1, 1, 
1, 1, 1, 1, 1, 1, 1, 1, 1, 1, 1, 3, 1, 44, 3, 24, 
43, 1, 24, 1, 1, 1, 4, 1, 4, 81, 121, 126, 125, 128, 125, 127, 
126, 1, 1, 1, 2, 44, 1, 86, 87, 87, 87, 87, 87, 87, 87, 87, 
87, 87, 109, 87, 87, 87, 87, 87, 87, 87, 87, 87, 109, 1, 1, 44, 
22, 1, 23, 23, 1, 1, 22, 1, 2, 3, 43, 42, 24, 3, 144, 43, 
44, 81, 125, 128, 148, 148, 148, 148, 148, 94, 87, 87, 87, 87, 87, 87, 
87, 87, 87, 87, 87, 97, 1, 3, 1, 1, 2, 1, 4, 1, 2, 50, 
49, 50, 1, 3, 1, 1, 1, 1, 1, 1, 1, 4, 1, 54, 55, 55, 
55, 55, 55, 55, 55, 135, 137, 137, 136, 136, 55, 55, 55, 55, 135, 55, 
55, 55, 55, 55, 55, 55, 55, 55, 55, 55, 56, 44, 1, 23, 24, 1, 
2, 1, 1, 44, 1, 44, 1, 54, 55, 61, 101, 101, 101, 101, 101, 101, 
101, 101, 101, 101, 101, 101, 101, 101, 101, 101, 64, 55, 55, 55, 55, 61, 
135, 136, 111, 111, 136, 111, 111, 111, 111, 135, 137, 136, 135, 135, 136, 137, 
135, 136, 137, 137, 135, 135, 64, 56, 2, 1, 1, 24, 1, 1, 1, 42, 
1, 1, 1, 24, 76, 74, 74, 75, 75, 75, 75, 76, 77, 77, 76, 74, 
77, 76, 76, 75, 161, 162, 163, 164, 165, 168, 67, 76, 68, 172, 173, 174, 
75, 76, 76, 76 },
{ 76, 74, 76, 74, 76, 76, 75, 76, 74, 76, 76, 76, 77, 75, 76, 77, 
76, 76, 77, 74, 102, 131, 131, 131, 131, 131, 157, 156, 118, 156, 102, 77, 
76, 76, 76, 74, 75, 76, 77, 76, 77, 76, 76, 118, 75, 76, 76, 76, 
76, 76, 76, 74, 76, 74, 74, 87, 87, 87, 87, 87, 87, 87, 87, 87, 
87, 87, 87, 87, 87, 87, 87, 87, 87, 87, 87, 87, 87, 87, 87, 87, 
87, 87, 87, 97, 1, 22, 23, 24, 43, 1, 1, 1, 4, 1, 1, 1, 
1, 1, 42, 1, 1, 1, 85, 85, 85, 85, 1, 1, 43, 1, 1, 2, 
3, 1, 43, 1, 1, 2, 43, 4, 1, 22, 1, 126, 128, 131, 126, 199, 
200, 98, 125, 126, 1, 1, 23, 4, 1, 22, 1, 1, 3, 1, 1, 22, 
3, 1, 1, 1, 4, 42, 4, 42, 4, 42, 22, 1, 1, 1, 44, 1, 
1, 22, 3, 1, 2, 43, 1, 22, 2, 1, 4, 2, 1, 42, 1, 1, 
44, 1, 2, 1, 1, 1, 1, 1, 1, 1, 44, 1, 1, 4, 1, 1, 
23, 1, 3, 23, 4, 1, 1, 22, 1, 1, 1, 2, 1, 1, 1, 23, 
1, 1, 1, 1, 44, 1, 4, 1, 1, 1, 1, 1, 4, 1, 43, 3, 
1, 4, 43, 1, 1, 42, 43, 44, 1, 1, 1, 1, 1, 8, 9, 10, 
1, 43, 1, 1, 1, 22, 1, 4, 23, 24, 1, 22, 24, 1, 1, 1, 
1, 44, 1, 22, 3, 1, 1, 43, 1, 1, 1, 81, 121, 127, 126, 125, 
128, 44, 4, 1, 1, 1, 44, 109, 87, 87, 87, 87, 87, 87, 87, 87, 
87, 87, 102, 87, 87, 87, 87, 87, 87, 87, 87, 87, 102, 1, 22, 1, 
1, 3, 1, 43, 1, 4, 1, 44, 1, 1, 24, 4, 23, 1, 1, 24, 
44, 22, 128, 125, 128, 128, 131, 130, 126, 126, 94, 87, 87, 87, 87, 87, 
87, 87, 87, 87, 87, 97, 43, 1, 1, 1, 1, 3, 1, 2, 44, 1, 
1, 1, 1, 1, 1, 3, 1, 1, 3, 43, 1, 1, 1, 54, 55, 55, 
55, 55, 55, 55, 55, 55, 55, 55, 55, 55, 55, 55, 55, 55, 55, 55, 
55, 55, 55, 55, 55, 55, 55, 55, 55, 55, 56, 22, 4, 82, 145, 146, 
147, 145, 83, 22, 1, 24, 22, 54, 55, 55, 55, 55, 55, 55, 55, 55, 
55, 55, 55, 55, 55, 55, 55, 55, 55, 55, 55, 55, 55, 55, 55, 55, 
55, 55, 55, 55, 55, 55, 55, 55, 55, 55, 55, 55, 55, 55, 55, 55, 
55, 55, 55, 55, 55, 55, 55, 56, 24, 22, 1, 24, 1, 44, 1, 1, 
1, 44, 1, 1, 76, 74, 74, 75, 76, 77, 77, 76, 75, 77, 76, 74, 
77, 77, 77, 181, 184, 185, 186, 187, 188, 189, 190, 191, 192, 193, 194, 187, 
76, 75, 75, 76 },
{ 74, 77, 76, 74, 74, 77, 76, 75, 75, 75, 77, 74, 77, 76, 76, 75, 
76, 74, 77, 77, 102, 138, 157, 156, 156, 156, 156, 157, 138, 156, 102, 77, 
77, 77, 76, 169, 170, 171, 169, 170, 171, 161, 162, 163, 164, 165, 166, 167, 
168, 76, 76, 76, 77, 77, 77, 87, 87, 87, 87, 87, 87, 87, 87, 87, 
87, 87, 87, 87, 87, 87, 87, 87, 87, 87, 87, 87, 87, 87, 87, 87, 
87, 87, 87, 97, 42, 42, 43, 44, 1, 23, 1, 44, 1, 1, 42, 1, 
24, 1, 24, 1, 4, 1, 1, 1, 1, 1, 3, 1, 1, 1, 1, 1, 
1, 1, 1, 1, 44, 1, 1, 1, 3, 1, 3, 81, 121, 123, 128, 131, 
125, 126, 128, 84, 1, 2, 1, 1, 4, 42, 1, 2, 1, 43, 1, 4, 
1, 23, 3, 1, 1, 3, 1, 4, 1, 1, 1, 2, 4, 22, 44, 1, 
43, 1, 1, 1, 1, 1, 4, 1, 1, 3, 2, 3, 22, 23, 44, 2, 
22, 1, 1, 4, 1, 43, 3, 1, 1, 44, 1, 23, 1, 1, 2, 3, 
3, 1, 23, 1, 1, 1, 23, 1, 1, 2, 1, 1, 42, 1, 1, 1, 
1, 1, 1, 43, 1, 23, 1, 4, 1, 1, 1, 1, 1, 1, 1, 2, 
3, 1, 1, 42, 1, 1, 23, 1, 1, 1, 1, 1, 2, 28, 29, 30, 
1, 24, 1, 1, 1, 1, 23, 1, 44, 1, 1, 23, 8, 9, 10, 42, 
1, 42, 1, 1, 1, 1, 1, 2, 23, 1, 22, 1, 1, 85, 81, 121, 
84, 1, 44, 1, 43, 1, 42, 102, 87, 87, 87, 87, 87, 87, 87, 87, 
87, 93, 104, 87, 87, 87, 87, 87, 87, 87, 87, 87, 104, 1, 1, 1, 
23, 1, 1, 1, 1, 1, 1, 24, 22, 43, 1, 1, 24, 1, 22, 1, 
1, 1, 126, 128, 126, 127, 143, 141, 142, 141, 141, 150, 150, 150, 150, 151, 
87, 87, 87, 87, 87, 109, 1, 1, 43, 1, 1, 1, 44, 1, 3, 1, 
44, 1, 1, 44, 1, 4, 1, 1, 1, 1, 1, 1, 1, 54, 55, 55, 
55, 55, 55, 55, 55, 55, 55, 55, 55, 55, 55, 55, 55, 55, 55, 55, 
55, 55, 55, 55, 55, 55, 55, 55, 55, 55, 56, 1, 2, 81, 126, 127, 
128, 125, 102, 83, 4, 44, 1, 54, 55, 55, 55, 55, 55, 55, 55, 55, 
55, 55, 55, 55, 55, 55, 55, 55, 55, 55, 55, 55, 55, 55, 55, 55, 
55, 55, 55, 55, 55, 55, 55, 55, 55, 55, 55, 55, 55, 55, 55, 55, 
55, 55, 55, 55, 55, 55, 55, 56, 4, 1, 24, 3, 1, 1, 1, 1, 
44, 1, 1, 1, 76, 74, 76, 75, 77, 74, 74, 77, 76, 76, 76, 76, 
77, 76, 74, 77, 76, 77, 74, 76, 118, 76, 118, 76, 75, 76, 74, 76, 
76, 76, 74, 76 },
{ 75, 76, 74, 75, 76, 74, 77, 75, 74, 74, 74, 75, 77, 74, 74, 74, 
76, 75, 77, 76, 102, 138, 157, 156, 156, 156, 156, 157, 138, 156, 102, 76, 
77, 74, 75, 181, 182, 183, 184, 185, 186, 187, 188, 189, 190, 191, 192, 193, 
194, 77, 74, 76, 76, 74, 75, 87, 87, 87, 87, 87, 87, 87, 87, 87, 
87, 93, 148, 148, 148, 148, 148, 94, 87, 87, 87, 87, 87, 87, 87, 87, 
87, 87, 87, 97, 43, 44, 1, 22, 1, 1, 1, 2, 1, 1, 2, 1, 
1, 1, 1, 3, 1, 1, 1, 1, 1, 1, 1, 1, 42, 43, 1, 1, 
42, 1, 1, 2, 1, 1, 2, 23, 1, 23, 1, 1, 4, 2, 81, 121, 
122, 123, 84, 1, 3, 1, 23, 1, 23, 23, 1, 1, 1, 24, 23, 1, 
42, 1, 44, 1, 1, 1, 1, 1, 22, 3, 1, 4, 43, 1, 2, 22, 
42, 1, 2, 44, 1, 1, 1, 1, 1, 22, 1, 43, 43, 22, 1, 1, 
22, 22, 1, 43, 1, 23, 1, 1, 22, 1, 3, 1, 22, 4, 1, 1, 
1, 4, 1, 23, 22, 1, 4, 1, 23, 1, 4, 4, 43, 1, 1, 1, 
42, 1, 1, 24, 23, 1, 1, 43, 1, 42, 1, 2, 22, 42, 1, 1, 
3, 4, 1, 1, 1, 23, 1, 1, 44, 1, 3, 2, 3, 48, 49, 50, 
23, 1, 22, 1, 42, 22, 1, 1, 1, 22, 1, 1, 28, 29, 30, 1, 
43, 4, 2, 3, 1, 23, 1, 1, 1, 1, 1, 1, 24, 1, 4, 1, 
1, 1, 1, 4, 1, 1, 1, 106, 87, 87, 87, 87, 87, 87, 93, 131, 
131, 131, 102, 149, 150, 150, 150, 150, 150, 150, 150, 151, 102, 1, 1, 4, 
1, 22, 1, 3, 4, 22, 1, 3, 1, 1, 22, 1, 1, 2, 1, 1, 
3, 44, 126, 126, 123, 84, 86, 87, 87, 87, 87, 87, 87, 87, 87, 87, 
87, 87, 87, 87, 87, 104, 1, 3, 1, 1, 2, 42, 1, 1, 1, 1, 
1, 3, 1, 1, 3, 1, 5, 6, 7, 1, 44, 42, 1, 54, 55, 55, 
55, 55, 55, 55, 55, 55, 55, 55, 55, 55, 55, 55, 55, 55, 55, 55, 
55, 55, 55, 55, 55, 55, 55, 55, 55, 55, 56, 4, 1, 1, 81, 121, 
122, 125, 102, 126, 1, 1, 1, 54, 55, 55, 55, 55, 55, 55, 55, 55, 
55, 55, 55, 55, 55, 55, 55, 55, 55, 55, 55, 55, 55, 55, 55, 55, 
55, 55, 55, 55, 55, 55, 55, 55, 55, 55, 55, 55, 55, 55, 55, 55, 
55, 55, 55, 55, 55, 55, 55, 56, 1, 1, 1, 4, 1, 1, 42, 1, 
1, 1, 24, 1, 76, 74, 74, 76, 74, 77, 76, 77, 76, 77, 77, 76, 
76, 75, 75, 74, 76, 76, 74, 74, 138, 118, 138, 76, 118, 75, 74, 74, 
76, 77, 74, 77 },
{ 75, 74, 76, 76, 76, 77, 74, 76, 77, 76, 76, 74, 74, 76, 77, 74, 
74, 76, 74, 75, 102, 138, 157, 156, 156, 156, 156, 157, 138, 156, 102, 76, 
74, 76, 76, 76, 75, 75, 75, 76, 74, 74, 76, 76, 75, 76, 158, 76, 
75, 76, 74, 74, 75, 74, 75, 87, 87, 87, 87, 87, 87, 87, 87, 93, 
148, 128, 127, 125, 125, 128, 126, 126, 128, 125, 94, 87, 87, 87, 87, 87, 
87, 109, 87, 97, 44, 42, 44, 1, 22, 43, 1, 1, 23, 23, 44, 1, 
44, 1, 1, 22, 1, 1, 1, 1, 1, 1, 1, 1, 1, 1, 3, 2, 
1, 11, 12, 13, 1, 3, 1, 3, 42, 1, 2, 4, 1, 1, 4, 1, 
3, 4, 1, 8, 9, 10, 1, 1, 2, 3, 23, 4, 1, 3, 4, 44, 
1, 2, 1, 23, 42, 1, 2, 3, 1, 42, 3, 2, 1, 1, 1, 24, 
1, 3, 4, 24, 22, 1, 42, 1, 43, 1, 44, 22, 1, 1, 43, 1, 
1, 1, 1, 23, 1, 1, 1, 43, 1, 1, 1, 1, 1, 1, 2, 1, 
22, 4, 1, 1, 1, 1, 1, 3, 23, 1, 1, 22, 22, 23, 1, 1, 
43, 1, 24, 1, 24, 1, 1, 1, 1, 1, 1, 1, 1, 8, 9, 10, 
0, 12, 13, 3, 42, 1, 4, 1, 1, 1, 23, 1, 1, 2, 3, 1, 
1, 1, 1, 23, 1, 1, 43, 1, 23, 1, 1, 1, 48, 49, 50, 1, 
1, 1, 22, 1, 1, 1, 1, 129, 146, 83, 1, 3, 23, 1, 1, 22, 
2, 1, 1, 1, 3, 1, 44, 102, 87, 87, 87, 87, 93, 126, 128, 131, 
131, 131, 106, 91, 91, 91, 91, 91, 91, 91, 91, 91, 106, 2, 23, 1, 
24, 1, 2, 1, 1, 3, 1, 1, 2, 42, 1, 24, 4, 43, 1, 44, 
1, 1, 85, 85, 43, 42, 86, 87, 87, 87, 87, 87, 87, 87, 87, 87, 
87, 87, 87, 87, 93, 102, 3, 1, 44, 1, 1, 1, 1, 43, 1, 44, 
1, 1, 1, 1, 1, 1, 25, 26, 27, 1, 8, 9, 10, 54, 55, 55, 
55, 55, 55, 55, 55, 55, 55, 55, 55, 55, 55, 55, 55, 55, 55, 55, 
55, 55, 55, 55, 55, 55, 55, 55, 55, 55, 56, 1, 44, 22, 43, 1, 
24, 81, 102, 84, 24, 1, 23, 54, 55, 55, 55, 55, 55, 55, 55, 55, 
55, 55, 55, 55, 55, 55, 55, 55, 55, 55, 55, 55, 55, 55, 55, 55, 
55, 55, 55, 55, 55, 55, 55, 55, 55, 55, 55, 55, 55, 55, 55, 55, 
55, 55, 55, 55, 55, 55, 55, 56, 24, 44, 1, 1, 11, 12, 13, 22, 
1, 24, 1, 1, 76, 65, 66, 75, 74, 74, 76, 77, 74, 77, 76, 77, 
74, 76, 74, 77, 76, 77, 76, 76, 138, 158, 158, 118, 138, 74, 77, 74, 
77, 74, 77, 75 },
{ 76, 75, 76, 74, 76, 75, 74, 76, 74, 74, 76, 76, 74, 76, 77, 74, 
77, 76, 77, 77, 102, 138, 157, 156, 156, 156, 156, 157, 138, 156, 102, 75, 
76, 75, 77, 76, 77, 74, 77, 76, 76, 75, 77, 76, 75, 77, 75, 76, 
74, 76, 77, 76, 77, 76, 76, 87, 87, 87, 87, 87, 87, 93, 148, 125, 
126, 126, 125, 125, 126, 128, 125, 128, 125, 125, 128, 128, 125, 125, 126, 125, 
126, 102, 87, 97, 2, 23, 3, 44, 1, 24, 24, 3, 1, 1, 43, 1, 
4, 42, 1, 44, 1, 201, 202, 203, 204, 205, 206, 2, 1, 44, 1, 1, 
1, 31, 32, 33, 1, 1, 1, 1, 1, 22, 3, 23, 22, 3, 1, 23, 
1, 1, 1, 28, 29, 30, 1, 4, 1, 1, 1, 1, 1, 1, 1, 1, 
4, 1, 1, 4, 1, 1, 1, 42, 1, 1, 1, 1, 44, 22, 1, 4, 
1, 1, 1, 1, 1, 3, 1, 2, 1, 4, 1, 1, 1, 1, 1, 1, 
23, 42, 1, 1, 44, 1, 1, 1, 1, 1, 42, 2, 23, 3, 1, 3, 
1, 1, 2, 4, 1, 2, 3, 1, 2, 1, 4, 1, 1, 1, 42, 1, 
3, 23, 1, 1, 1, 1, 4, 24, 1, 1, 3, 44, 1, 28, 29, 30, 
31, 32, 33, 4, 1, 1, 42, 44, 1, 42, 2, 3, 1, 3, 2, 24, 
24, 24, 1, 24, 22, 1, 1, 1, 1, 22, 1, 22, 1, 1, 1, 1, 
42, 1, 1, 23, 1, 1, 129, 127, 125, 126, 145, 83, 1, 1, 1, 1, 
42, 1, 43, 1, 1, 42, 1, 104, 148, 148, 148, 148, 148, 125, 127, 131, 
131, 131, 102, 42, 14, 15, 16, 17, 18, 19, 20, 44, 102, 1, 43, 129, 
145, 148, 148, 148, 148, 148, 148, 148, 148, 146, 83, 1, 2, 1, 22, 1, 
43, 24, 22, 43, 1, 44, 86, 87, 87, 87, 87, 87, 87, 87, 87, 87, 
87, 87, 93, 148, 128, 106, 1, 1, 1, 1, 1, 1, 1, 4, 1, 1, 
4, 1, 3, 2, 1, 1, 45, 46, 47, 1, 28, 29, 30, 54, 55, 55, 
55, 55, 55, 55, 55, 55, 55, 112, 113, 114, 55, 55, 55, 55, 55, 55, 
55, 55, 55, 112, 113, 114, 55, 55, 55, 55, 56, 23, 129, 145, 83, 23, 
1, 3, 102, 1, 2, 22, 1, 54, 55, 55, 55, 55, 55, 55, 55, 55, 
55, 55, 55, 55, 55, 55, 55, 55, 55, 55, 55, 55, 55, 55, 55, 55, 
55, 55, 55, 55, 55, 55, 55, 55, 55, 55, 55, 55, 55, 55, 55, 55, 
55, 55, 55, 55, 55, 55, 55, 56, 3, 2, 4, 1, 31, 32, 33, 1, 
1, 1, 1, 1, 74, 67, 68, 76, 76, 76, 77, 76, 74, 76, 76, 74, 
74, 76, 76, 74, 77, 77, 74, 76, 158, 75, 74, 158, 158, 76, 74, 76, 
77, 76, 75, 75 },
{ 74, 75, 75, 77, 74, 75, 77, 74, 118, 156, 76, 76, 74, 74, 77, 74, 
77, 77, 75, 75, 102, 158, 156, 157, 157, 157, 157, 156, 158, 156, 102, 74, 
74, 77, 76, 75, 77, 76, 77, 74, 74, 76, 76, 76, 77, 77, 77, 76, 
75, 74, 77, 75, 77, 74, 76, 87, 87, 87, 87, 93, 148, 126, 128, 126, 
125, 126, 125, 126, 128, 125, 127, 126, 125, 125, 125, 125, 125, 126, 125, 125, 
128, 102, 87, 97, 8, 9, 10, 1, 1, 44, 1, 1, 1, 24, 1, 1, 
1, 1, 1, 1, 1, 207, 208, 209, 210, 211, 212, 1, 1, 4, 1, 42, 
1, 51, 52, 53, 1, 1, 1, 44, 22, 2, 1, 23, 4, 23, 1, 4, 
2, 1, 1, 48, 49, 50, 1, 1, 2, 4, 23, 42, 42, 1, 43, 1, 
1, 42, 1, 1, 1, 4, 42, 1, 22, 4, 4, 1, 1, 3, 43, 1, 
44, 1, 1, 43, 1, 1, 1, 1, 1, 1, 1, 44, 1, 44, 1, 43, 
1, 1, 1, 1, 1, 1, 22, 44, 1, 3, 1, 23, 1, 2, 23, 4, 
1, 3, 1, 1, 23, 1, 3, 1, 22, 1, 1, 1, 2, 1, 1, 22, 
44, 1, 2, 1, 42, 1, 3, 24, 1, 44, 22, 1, 1, 48, 49, 50, 
51, 52, 53, 1, 4, 44, 1, 1, 23, 1, 3, 2, 22, 22, 4, 24, 
23, 1, 44, 1, 1, 1, 22, 1, 1, 1, 1, 1, 42, 1, 42, 1, 
1, 1, 1, 1, 1, 129, 126, 126, 127, 125, 128, 125, 145, 147, 83, 44, 
1, 42, 1, 1, 2, 1, 1, 102, 125, 131, 127, 125, 125, 128, 126, 131, 
131, 131, 102, 43, 34, 35, 36, 37, 38, 39, 40, 42, 102, 82, 146, 126, 
127, 126, 125, 126, 128, 125, 126, 125, 125, 126, 128, 145, 83, 4, 44, 1, 
1, 23, 42, 43, 44, 1, 86, 87, 87, 87, 87, 87, 87, 87, 87, 87, 
93, 148, 125, 127, 125, 102, 1, 1, 1, 3, 4, 1, 1, 1, 1, 1, 
1, 1, 1, 1, 3, 43, 1, 1, 1, 1, 48, 49, 50, 54, 55, 55, 
55, 55, 55, 55, 55, 55, 55, 132, 133, 134, 55, 55, 55, 55, 55, 55, 
55, 55, 55, 132, 133, 134, 55, 55, 55, 55, 56, 2, 81, 122, 84, 3, 
1, 1, 102, 24, 43, 3, 2, 54, 55, 55, 55, 55, 55, 55, 55, 55, 
55, 55, 55, 55, 55, 55, 55, 55, 55, 55, 55, 55, 55, 55, 55, 55, 
55, 55, 55, 55, 55, 55, 55, 55, 55, 55, 55, 55, 55, 55, 55, 55, 
55, 55, 55, 55, 55, 55, 55, 56, 1, 24, 1, 24, 51, 52, 53, 1, 
1, 1, 42, 1, 76, 67, 68, 118, 76, 77, 169, 170, 167, 175, 176, 177, 
178, 167, 168, 76, 77, 77, 75, 77, 161, 162, 163, 164, 165, 166, 167, 168, 
169, 74, 76, 76 },
{ 76, 74, 75, 76, 76, 118, 76, 156, 138, 156, 157, 77, 75, 75, 74, 76, 
76, 75, 77, 77, 108, 156, 156, 156, 156, 156, 156, 156, 156, 156, 108, 75, 
76, 77, 74, 74, 76, 77, 77, 77, 77, 76, 77, 76, 76, 76, 76, 74, 
74, 77, 74, 76, 76, 76, 74, 87, 87, 93, 148, 125, 127, 126, 125, 128, 
128, 125, 128, 125, 125, 126, 125, 128, 125, 126, 125, 126, 128, 128, 128, 126, 
128, 102, 87, 97, 28, 29, 30, 44, 43, 1, 1, 42, 24, 1, 22, 1, 
44, 1, 1, 43, 213, 214, 215, 216, 217, 218, 219, 220, 1, 1, 3, 1, 
4, 71, 72, 73, 1, 2, 3, 1, 1, 3, 22, 1, 1, 1, 1, 1, 
3, 1, 4, 1, 1, 1, 4, 1, 1, 1, 1, 2, 1, 3, 22, 1, 
2, 24, 23, 1, 3, 1, 1, 4, 42, 24, 1, 42, 22, 1, 1, 1, 
1, 22, 22, 44, 22, 42, 1, 3, 1, 3, 1, 22, 42, 1, 1, 43, 
1, 44, 44, 1, 43, 1, 1, 1, 43, 1, 22, 1, 3, 1, 1, 1, 
1, 1, 22, 3, 4, 1, 4, 1, 1, 1, 2, 4, 1, 1, 1, 1, 
1, 1, 1, 1, 1, 1, 1, 1, 1, 1, 1, 1, 1, 1, 1, 1, 
71, 72, 73, 2, 1, 1, 4, 24, 1, 1, 24, 1, 23, 4, 1, 24, 
1, 1, 1, 1, 24, 1, 1, 1, 24, 1, 1, 24, 1, 1, 1, 1, 
22, 1, 1, 2, 129, 128, 126, 125, 128, 128, 125, 126, 126, 125, 128, 145, 
146, 148, 148, 148, 148, 148, 148, 106, 128, 126, 125, 126, 131, 125, 125, 131, 
131, 131, 131, 83, 44, 22, 23, 3, 4, 3, 2, 82, 131, 101, 105, 101, 
103, 101, 105, 101, 103, 101, 105, 101, 103, 101, 105, 101, 128, 83, 1, 2, 
43, 1, 44, 1, 42, 22, 86, 87, 87, 87, 87, 87, 87, 87, 93, 148, 
127, 125, 125, 128, 128, 102, 42, 1, 44, 1, 1, 1, 1, 44, 1, 2, 
1, 4, 1, 1, 1, 1, 1, 3, 1, 1, 43, 1, 1, 54, 62, 110, 
110, 110, 110, 110, 110, 110, 110, 152, 153, 154, 110, 110, 110, 110, 110, 110, 
110, 110, 110, 152, 153, 154, 110, 110, 110, 63, 56, 44, 22, 23, 23, 43, 
44, 24, 102, 23, 4, 1, 1, 54, 55, 55, 55, 55, 55, 62, 110, 110, 
110, 110, 110, 110, 110, 110, 110, 110, 110, 110, 110, 110, 63, 55, 55, 55, 
55, 55, 55, 55, 62, 116, 117, 115, 110, 110, 110, 110, 110, 110, 110, 110, 
110, 110, 63, 55, 55, 55, 55, 56, 2, 1, 3, 1, 71, 72, 73, 1, 
1, 1, 1, 1, 75, 67, 68, 138, 161, 162, 163, 163, 155, 195, 196, 197, 
198, 155, 155, 171, 77, 74, 161, 162, 155, 163, 155, 155, 163, 155, 155, 163, 
163, 164, 165, 166 }
};

const unsigned short FATALM_cmap[256] = {
0x0000, 0x41EF, 0x4210, 0x52B2, 0x5EF7, 0x318C, 0x77DE, 0x4AF6,
0x3E73, 0x5AF7, 0x3210, 0x4DAF, 0x6B52, 0x6713, 0x10A6, 0x5653,
0x364E, 0x35AD, 0x5613, 0x4A94, 0x08A2, 0x4E10, 0x6B74, 0x1086,
0x214B, 0x6F9C, 0x4A11, 0x0CC3, 0x252B, 0x2108, 0x1909, 0x1D08,
0x2DAE, 0x1D4A, 0x6739, 0x4E4F, 0x3A0F, 0x5A74, 0x6295, 0x6275,
0x5E96, 0x258C, 0x4EAF, 0x320F, 0x25AB, 0x5633, 0x5632, 0x5232,
0x5612, 0x3A10, 0x258B, 0x4E11, 0x39AE, 0x5718, 0x5738, 0x6F7B,
0x294A, 0x258B, 0x256C, 0x296C, 0x3DAE, 0x6733, 0x51F1, 0x677B,
0x31EE, 0x66D6, 0x6B53, 0x0882, 0x31CE, 0x6731, 0x258D, 0x5A53,
0x5E54, 0x0CC3, 0x5611, 0x41AE, 0x418E, 0x4DD0, 0x51D0, 0x35DA,
0x46D5, 0x2DAD, 0x62B4, 0x4E73, 0x5633, 0x216B, 0x4A52, 0x10A9,
0x3611, 0x5E33, 0x49F0, 0x14A5, 0x5212, 0x5294, 0x4E94, 0x18C6,
0x256B, 0x35F0, 0x458F, 0x5A34, 0x5634, 0x52D7, 0x5F35, 0x4A74,
0x3E94, 0x256C, 0x42B5, 0x3252, 0x2529, 0x1128, 0x6356, 0x2993,
0x6B5A, 0x49CF, 0x08A3, 0x3DAC, 0x6F99, 0x5A33, 0x41AF, 0x4DF1,
0x5AF0, 0x4A30, 0x39CE, 0x4ED6, 0x5AD6, 0x3610, 0x2DCF, 0x4E10,
0x294A, 0x3DCE, 0x4DD2, 0x0882, 0x62F4, 0x3A2D, 0x5A33, 0x4652,
0x0CC3, 0x6313, 0x67FF, 0x35AD, 0x418D, 0x535A, 0x5F5A, 0x1CE7,
0x4A31, 0x4A11, 0x5B39, 0x5E75, 0x2DCE, 0x5613, 0x298C, 0x4252,
0x5AD2, 0x4672, 0x218C, 0x1D6B, 0x216B, 0x1D4B, 0x0482, 0x0882,
0x2DCD, 0x214A, 0x2DAE, 0x154E, 0x62B7, 0x35AD, 0x637A, 0x31F0,
0x49F1, 0x4A10, 0x14A6, 0x3DEF, 0x5212, 0x49D0, 0x49D0, 0x2E31,
0x2DCE, 0x2DCC, 0x1087, 0x318C, 0x1084, 0x39CE, 0x3A93, 0x194A,
0x2E10, 0x56B0, 0x535B, 0x08A2, 0x216A, 0x4A11, 0x4DF1, 0x56B5,
0x0421, 0x6318, 0x14C8, 0x1CE8, 0x533B, 0x4AD6, 0x6752, 0x29AE,
0x5673, 0x2D6B, 0x41AE, 0x3632, 0x4631, 0x31CD, 0x216C, 0x4EF7,
0x424F, 0x360F, 0x35EF, 0x08A7, 0x5634, 0x5A55, 0x2DB7, 0x4DD1,
0x10EC, 0x3D8E, 0x192B, 0x4650, 0x3EB4, 0x6FBD, 0x08A2, 0x4E6F,
0x10BB, 0x5652, 0x533A, 0x42B6, 0x42B9, 0x29AD, 0x29CD, 0x56B5,
0x3A2E, 0x0CE6, 0x45EF, 0x7FFF, 0x4E92, 0x3D8D, 0x0842, 0x08E3,
0x10B9, 0x3672, 0x5317, 0x45CF, 0x218B, 0x0865, 0x55F1, 0x5F11,
0x196F, 0x0C63, 0x6778, 0x1D2A, 0x3EF1, 0x0C96, 0x0000, 0x7FFF
};

