const short Future_map0[128][128] = {
{ 0, 0, 0, 0, 0, 0, 0, 0, 0, 0, 0, 0, 0, 0, 0, 0, 
0, 0, 0, 0, 0, 0, 0, 0, 0, 0, 0, 0, 0, 0, 0, 0, 
0, 0, 0, 0, 0, 0, 0, 0, 0, 0, 0, 0, 0, 0, 0, 0, 
0, 0, 0, 0, 0, 0, 0, 0, 0, 0, 0, 0, 0, 0, 0, 0, 
0, 0, 0, 0, 0, 0, 0, 0, 0, 0, 0, 0, 0, 0, 0, 0, 
0, 0, 0, 0, 0, 0, 0, 0, 0, 0, 0, 0, 0, 0, 0, 0, 
0, 0, 0, 0, 0, 0, 0, 0, 0, 0, 0, 0, 0, 0, 0, 0, 
0, 0, 0, 0, 0, 0, 0, 0, 0, 0, 0, 0, 0, 0, 0, 0
 },
{ 0, 0, 0, 0, 0, 0, 0, 0, 0, 0, 0, 0, 0, 0, 0, 0, 
0, 0, 0, 0, 0, 0, 0, 0, 0, 0, 0, 0, 0, 0, 0, 0, 
0, 0, 0, 0, 0, 0, 0, 0, 0, 0, 0, 0, 0, 0, 0, 0, 
0, 0, 0, 0, 0, 0, 0, 0, 0, 0, 0, 0, 0, 0, 0, 0, 
0, 0, 0, 0, 0, 0, 0, 0, 0, 0, 0, 0, -797, 0, 0, 0, 
12, 1, 9, 11, 10, 11, 9, 11, 1, 23, 1, 1, 1, 10, 1, 1, 
1, 1, 11, 10, 11, 1, 10, 11, 1, 9, 0, 12, 1, 11, 9, 1, 
1, 10, 1, 9, 12, 10, 11, 10, 11, 1, 9, 9, 11, 11, 10, 12
 },
{ 0, 1, 11, 0, 1, 9, 12, 9, 10, 10, 12, 10, 12, 10, 1, 9, 
10, 11, 10, 11, 10, 11, 10, 10, 9, 9, 1, 11, 1, 11, 1, 11, 
11, 11, 10, 10, 10, 1, 12, 11, 11, 12, 10, 11, 9, 11, 1, 10, 
10, 1, 0, 9, 10, 10, 1, 10, 12, 12, 9, 10, 9, 11, 10, 11, 
9, 0, 10, 0, 11, 11, 10, 12, 1, 10, 1, 9, 11, 11, 10, 11, 
11, 1, 11, 9, 0, 10, 11, 9, 1, 10, 9, 11, 11, 1, 9, 1, 
12, 10, 10, 1, 1, 12, 10, 11, 0, 9, 11, 12, 10, 11, 11, 11, 
10, 0, 0, 10, 0, 9, 1, 11, 1, 10, 9, 10, 11, 1, 1, 11
 },
{ 10, 11, 11, 9, 10, 9, 11, 12, 11, 11, 9, 1, 10, 12, 10, 12, 
1, 11, 10, 11, 9, 11, 11, 11, 9, 11, 11, 11, 11, 1, 10, 11, 
10, 11, 9, 11, 10, 11, 10, 9, 9, 0, 11, 1, 12, 11, 11, 10, 
10, 11, 9, 1, 9, 11, 11, 1, 11, 11, 1, 12, 10, 1, 10, 11, 
9, 12, 10, 11, 11, 11, 12, 1, 11, 12, 1, 9, 11, 10, 11, 9, 
11, 1, 11, 10, 11, 9, 11, 9, 1, 11, 10, 12, 10, 9, 10, 9, 
11, 10, 12, 9, 1, 10, 11, 9, 10, 12, 9, 11, 0, 11, 12, 1, 
10, 12, 11, 11, 9, 1, 0, 12, 1, 9, 0, 12, 0, 10, 0, 0
 },
{ 9, 12, 11, 9, 10, 11, 11, 1, 9, 12, 1, 0, 11, 9, 10, 1, 
10, 10, 0, 0, 9, 12, 0, 0, 10, 0, 11, 11, 12, 11, 1, 0, 
10, 11, 10, 1, 11, 10, 12, 1, 9, 1, 11, 9, 0, 9, 0, 12, 
9, 0, 10, 9, 0, 10, 1, 9, 0, 10, 1, 9, 1, 11, 0, 0, 
11, 10, 12, 1, 0, 10, 0, 12, 11, 1, 12, 11, 0, 12, 0, 10, 
11, 0, 1, 10, 12, 10, 10, 11, 9, 0, 10, 12, 10, 11, 12, 9, 
1, 11, 9, 1, 10, 0, 1, 12, 1, 11, 9, 11, 1, 11, 9, 10, 
9, 1, 12, 11, 12, 11, 11, 9, 1, 11, 1, 9, 1, 9, 11, 0
 },
{ 12, 1, 12, 9, 0, 0, 12, 12, 0, 11, 11, 11, 1, 0, 10, 12, 
11, 1, 0, 10, 1, 12, 11, 11, 0, 11, 0, 9, 12, 11, 12, 0, 
11, 1, 10, 11, 1, 10, 0, 12, 9, 1, 11, 9, 10, 0, 1, 10, 
12, 9, 10, 0, 1, 1, 10, 11, 1, 9, 11, 1, 9, 1, 0, 10, 
11, 1, 9, 11, 12, 9, 11, 9, 11, 9, 0, 9, 0, 0, 10, 1, 
9, 0, 9, 10, 1, 9, 12, 0, 0, 0, 0, 9, 12, 9, 12, 12, 
10, 9, 1, 0, 9, 0, 10, 10, 1, 0, 9, 0, 1, 10, 9, 0, 
0, 0, 11, 1, 9, 11, 0, 0, 0, 0, 0, 12, 0, 12, 0, 0
 },
{ 0, 0, 0, 0, 0, 0, 1, 9, 11, 1, 9, 10, 0, 10, 9, 0, 
0, 12, 0, 0, 1, 0, 0, 0, 12, 9, 0, 1, 12, 0, 10, 11, 
1, 1, 9, 0, 0, 0, 1, 10, 11, 9, 0, 10, 0, 0, 1, 9, 
11, 9, 10, 10, 9, 10, 1, 10, 0, 1, 12, 0, 11, 1, 9, 0, 
0, 10, 12, 0, 10, 11, 11, 1, 0, 1, 1, 11, 12, 1, 12, 10, 
10, 1, 10, 10, 0, 0, 10, 0, 11, 11, 0, 0, 0, 10, 1, 0, 
11, 12, 10, 1, 0, 9, 0, 9, 1, 12, 10, 10, 11, 10, 9, 10, 
0, 9, 1, 0, 9, 12, 9, 1, 9, 12, 0, 0, 10, 1, 0, 0
 },
{ 0, 1, 9, 0, 0, 0, 10, 1, 0, 12, 1, 0, 1, 11, 1, 11, 
10, 10, 0, 10, 10, 1, 9, 10, 1, 0, 10, 1, 1, 9, 1, 1, 
10, 10, 0, 0, 0, 12, 1, 12, 0, 1, 12, 1, 0, 12, 9, 1, 
12, 0, 0, 1, 12, 0, 0, 10, 15, 14, 0, 31, 12, 0, 11, 12, 
1, 0, 1, 10, 1, 12, 1, 9, 0, 9, 1, 12, 10, 9, 14, 13, 
14, 35, 11, 0, 12, 9, 0, 10, 12, 0, 1, 10, 0, 10, 1, 0, 
12, 9, 1, 12, 13, 18, 17, 36, 9, 12, 0, 11, 1, 9, 1, 11, 
12, 9, 0, 9, 1, 12, 1, 1, 9, 10, 17, 15, 13, 32, 0, 11
 },
{ 0, 1, 10, 11, 6, 7, 8, 1, 11, 1, 10, 9, 10, 12, 1, 10, 
15, 17, 0, 11, 0, 9, 10, 12, 9, 1, 26, 27, 28, 0, 9, 0, 
0, 0, 12, 9, 1, 0, 14, 0, 10, 0, 0, 12, 0, 10, 0, 11, 
46, 47, 9, 1, 11, 1, 9, 12, 0, 10, 1, 9, 13, 0, 9, 11, 
10, 12, 0, 9, 0, 12, 0, 9, 10, 10, 12, 10, 0, 9, 11, 9, 
10, 9, 0, 10, 12, 0, 10, 9, 0, 10, 0, 10, 12, 0, 11, 10, 
12, 11, 12, 11, 10, 10, 12, 10, 0, 9, 11, 10, 9, 0, 10, 0, 
10, 9, 10, 9, 12, 0, 10, 10, 9, 0, 1, 12, 9, 10, 10, 11
 },
{ 9, 11, 2, 3, 4, 5, 0, 12, 10, 10, 10, 9, 11, 0, 1, 10, 
10, 9, 10, 12, 9, 12, 10, 12, 22, 23, 24, 25, 10, 11, 12, 11, 
12, 0, 10, 9, 0, 9, 12, 1, 10, 10, 10, 11, 9, 10, 42, 43, 
44, 45, 11, 10, 9, 12, 10, 11, 12, 1, 10, 11, 10, 10, 0, 9, 
9, 12, 10, 11, 0, 10, 0, 0, 10, 11, 10, 12, 1, 9, 0, 12, 
9, 12, 1, 9, 12, 12, 0, 0, 0, 0, 0, 0, 11, 0, 10, 11, 
0, 11, 11, 9, 10, 11, 12, 0, 0, 0, 0, 0, 10, 0, 9, 0, 
0, 11, 10, 11, 11, 0, 10, 9, 0, 11, 10, 12, 10, 0, 0, 10
 },
{ 9, 10, 9, 11, 11, 12, 0, 11, 9, 0, 9, 10, 0, 11, 10, 11, 
11, 0, 11, 10, 0, 11, 11, 12, 10, 12, 9, 11, 10, 0, 11, 1, 
10, 0, 0, 9, 0, 10, 12, 11, 1, 9, 12, 11, 10, 9, 11, 0, 
1, 9, 11, 0, 0, 10, 1, 12, 0, 1, 10, 11, 1, 9, 11, 0, 
0, 9, 12, 0, 0, 0, 12, 11, 0, 0, 1, 10, 12, 10, 9, 0, 
0, 0, 12, 0, 1, 12, 10, 0, 0, 18, 18, 17, 0, 0, 10, 11, 
10, 9, 1, 11, 10, 12, 11, 1, 10, 12, 0, 0, 0, 15, 16, 16, 
15, 14, 16, 15, 0, 0, 10, 0, 11, 10, 11, 0, 9, 12, 10, 0
 },
{ 0, 15, 16, 16, 18, 16, 0, 15, 14, 18, 16, 18, 0, 0, 10, 10, 
9, 10, 10, 0, 0, 0, 0, 0, 0, 0, 15, 13, 13, 18, 17, 14, 
13, 17, 18, 15, 0, 37, 38, 37, 0, 14, 0, 0, 0, 0, 0, 0, 
13, 14, 15, 14, 13, 15, 13, 0, 0, 13, 0, 0, 0, 0, 0, 13, 
13, 0, 0, 0, 0, 0, 14, 16, 16, 0, 0, 14, 18, 17, 18, 0, 
0, 0, 0, 0, 13, 15, 0, 0, 0, 0, 0, 0, 15, 16, 18, 17, 
16, 13, 17, 15, 16, 0, 0, 0, 0, 0, 0, 0, 13, 14, 0, 0, 
0, 0, 14, 13, 16, 17, 18, 0, 0, 16, 18, 0, 0, 0, 0, 0
 },
{ 0, 0, 18, 15, 16, 16, 13, 0, 15, 14, 15, 18, 16, 16, 13, 0, 
0, 0, 0, 0, 0, 0, 0, 0, 0, 0, 16, 13, 14, 0, 14, 15, 
16, 13, 15, 15, 17, 0, 0, 0, 0, 0, 0, 0, 0, 0, 0, 0, 
13, 16, 15, 0, 15, 13, 18, 0, 16, 0, 0, 0, 0, 0, 0, 0, 
0, 0, 0, 0, 0, 0, 0, 0, 13, 0, 13, 15, 17, 0, 15, 0, 
0, 0, 0, 0, 0, 0, 0, 0, 0, 0, 0, 0, 0, 0, 14, 18, 
16, 18, 15, 0, 0, 0, 0, 0, 0, 0, 0, 0, 0, 0, 0, 0, 
0, 0, 0, 0, 0, 0, 18, 13, 13, 0, 0, 0, 0, 0, 0, 0
 },
{ 0, 0, 0, 0, 0, 0, 0, 0, 0, 0, 0, 15, 14, 15, 14, 15, 
0, 0, 0, 0, 0, 0, 0, 0, 0, 0, 0, 0, 0, 0, 0, 0, 
0, 13, 15, 14, 15, 24, 0, 0, 0, 0, 0, 0, 0, 0, 0, 0, 
0, 0, 0, 0, 0, 0, 0, 14, 14, 14, 20, 0, 0, 0, 0, 0, 
0, 0, 0, 0, 0, 0, 0, 0, 0, 0, 0, 0, 0, 0, 13, 14, 
13, 24, 14, 0, 0, 0, 0, 0, 0, 0, 0, 0, 0, 0, 0, 0, 
0, 0, 14, 20, 14, 13, 14, 13, 15, 0, 0, 0, 0, 0, 0, 0, 
0, 0, 0, 0, 0, 0, 0, 0, 13, 14, 0, 0, 0, 0, 14, 15
 },
{ 14, 0, 0, 0, 0, 0, 0, 0, 0, 0, 0, 0, 15, 13, 14, 0, 
0, 1, 1, 10, 0, 0, 15, 0, 0, 0, 0, 0, 0, 0, 0, 0, 
0, 0, 24, 0, 0, 1, 1, 1, 10, 9, 12, 9, 0, 0, 13, 0, 
0, 0, 0, 0, 0, 0, 13, 0, 0, 1, 1, 1, 1, 0, 12, 10, 
11, 21, 1, 11, 0, 0, 0, 0, 0, 0, 0, 0, 0, 1, 10, 9, 
1, 0, 9, 10, 0, 1, 9, 11, 9, 0, 9, 12, 0, 33, 33, 33, 
0, 0, 9, 1, 0, 9, 10, 0, 10, 0, 10, 11, 1, 11, 0, 10, 
1, 11, 1, 9, 9, 10, 9, 9, 0, 12, 0, 0, 10, 11, 10, 9
 },
{ 9, 9, 1, 10, 9, 0, 10, 1, 10, 1, 10, 12, 1, 10, 0, 10, 
1, 10, 9, 0, 0, 10, 1, 21, 11, 0, 11, 1, 1, 9, 9, 1, 
12, 9, 12, 0, 1, 1, 9, 12, 10, 1, 12, 0, 10, 11, 12, 0, 
0, 11, 0, 1, 11, 12, 1, 0, 1, 0, 10, 0, 0, 0, 0, 10, 
10, 0, 0, 0, 0, 0, 0, 0, 1, 10, 0, 1, 0, 0, 9, 1, 
12, 1, 0, 0, 0, 0, 0, 0, 9, 12, 10, 9, 10, 0, 11, 11, 
9, 11, 12, 1, 1, 11, 10, 0, 0, 9, 10, 11, 10, 11, 0, 0, 
0, 0, 0, 0, 10, 11, 11, 12, 11, 10, 11, 12, 0, 1, 0, 0
 },
{ 0, 0, 0, 0, 12, 11, 9, 10, 9, 12, 11, 10, 11, 1, 12, 9, 
10, 1, 12, 10, 12, 9, 10, 0, 9, 10, 10, 9, 12, 12, 12, 9, 
0, 11, 12, 10, 0, 12, 0, 11, 0, 9, 9, 11, 0, 12, 11, 12, 
9, 1, 1, 11, 0, 10, 11, 0, 0, 12, 9, 10, 12, 10, 12, 12, 
1, 10, 9, 0, 10, 9, 1, 10, 9, 1, 9, 12, 9, 0, 1, 0, 
11, 9, 0, 0, 37, 0, 14, 0, 12, 11, 9, 12, 10, 12, 11, 12, 
12, 11, 1, 9, 11, 12, 0, 0, 4, 0, 0, 0, 0, 13, 0, 10, 
11, 10, 11, 10, 9, 0, 10, 9, 10, 12, 9, 0, 16, 14, 15, 0
 },
{ 0, 0, 0, 14, 36, 1, 12, 9, 10, 9, 12, 11, 9, 10, 0, 0, 
0, 0, 0, 0, 17, 0, 0, 0, 0, 17, 36, 11, 9, 12, 12, 1, 
11, 9, 12, 0, 0, 16, 18, 0, 0, 0, 13, 0, 0, 0, 0, 0, 
35, 12, 10, 9, 9, 11, 12, 0, 0, 18, 14, 14, 14, 0, 0, 0, 
14, 14, 17, 0, 34, 34, 32, 10, 9, 9, 37, 37, 0, 13, 14, 13, 
18, 13, 18, 0, 0, 0, 13, 0, 0, 1, 9, 12, 11, 1, 12, 1, 
13, 16, 14, 18, 19, 13, 16, 18, 13, 0, 0, 0, 35, 11, 0, 12, 
1, 10, 1, 9, 1, 10, 18, 0, 0, 13, 0, 34, 0, 0, 16, 0
 },
{ 0, 0, 35, 0, 10, 9, 41, 0, 9, 0, 0, 11, 16, 0, 0, 14, 
0, 11, 10, 0, 13, 0, 0, 0, 36, 12, 1, 10, 0, 0, 12, 11, 
1, 9, 14, 13, 18, 13, 36, 12, 0, 11, 0, 0, 0, 0, 35, 1, 
11, 11, 0, 11, 10, 1, 11, 12, 18, 16, 13, 16, 36, 1, 11, 0, 
29, 33, 34, 34, 32, 10, 0, 11, 12, 1, 0, 11, 9, 0, 16, 18, 
14, 0, 32, 9, 0, 12, 0, 0, 11, 10, 12, 9, 11, 9, 0, 1, 
9, 12, 1, 10, 15, 18, 35, 11, 9, 9, 10, 11, 9, 0, 11, 9, 
0, 9, 11, 9, 11, 9, 9, 10, 11, 11, 19, 14, 36, 9, 10, 0
 },
{ 0, 37, 31, 11, 10, 11, 1, 10, 1, 11, 10, 10, 12, 11, 0, 10, 
14, 13, 0, 0, 37, 0, 20, 13, 35, 10, 0, 11, 12, 0, 11, 10, 
0, 11, 11, 9, 12, 11, 16, 17, 14, 13, 16, 14, 13, 17, 0, 11, 
12, 10, 11, 1, 12, 10, 9, 12, 1, 11, 10, 9, 14, 16, 13, 14, 
13, 17, 18, 16, 16, 0, 38, 37, 37, 0, 10, 9, 11, 10, 10, 12, 
1, 9, 13, 14, 17, 16, 18, 14, 14, 14, 14, 17, 18, 13, 14, 16, 
0, 12, 11, 0, 9, 1, 11, 12, 0, 34, 0, 13, 17, 16, 13, 18, 
14, 18, 14, 18, 17, 13, 0, 12, 0, 11, 10, 11, 10, 9, 10, 9
 },
{ 12, 0, 14, 13, 18, 14, 16, 13, 18, 13, 16, 14, 0, 11, 10, 12, 
0, 12, 9, 11, 11, 0, 10, 0, 14, 17, 16, 17, 13, 14, 15, 18, 
14, 15, 0, 1, 9, 10, 11, 10, 1, 10, 9, 1, 11, 1, 0, 0, 
0, 33, 34, 0, 13, 14, 13, 18, 0, 11, 0, 12, 9, 1, 0, 9, 
12, 10, 0, 12, 11, 9, 12, 10, 0, 9, 0, 13, 15, 16, 0, 0, 
9, 1, 10, 11, 9, 10, 12, 9, 10, 12, 10, 11, 0, 9, 10, 12, 
29, 34, 33, 0, 0, 9, 11, 12, 10, 12, 11, 12, 0, 0, 11, 10, 
21, 9, 11, 10, 9, 10, 10, 0, 12, 9, 10, 1, 9, 10, 9, 6
 },
{ 7, 8, 13, 16, 0, 9, 1, 11, 12, 10, 0, 10, 11, 9, 1, 0, 
11, 12, 0, 11, 9, 26, 27, 28, 20, 14, 0, 12, 10, 10, 9, 0, 
38, 31, 9, 10, 9, 10, 0, 1, 10, 9, 11, 46, 47, 11, 14, 0, 
0, 0, 37, 37, 0, 13, 14, 36, 11, 0, 1, 9, 11, 10, 12, 0, 
10, 9, 11, 9, 18, 0, 0, 0, 15, 16, 15, 20, 16, 0, 10, 11, 
21, 0, 9, 1, 0, 10, 12, 0, 0, 10, 0, 18, 0, 0, 0, 0, 
50, 13, 15, 10, 12, 9, 10, 11, 1, 11, 10, 9, 9, 11, 0, 9, 
12, 0, 0, 13, 0, 0, 49, 13, 0, 11, 10, 11, 0, 0, 10, 1
 },
{ 11, 9, 10, 9, 10, 0, 10, 9, 10, 0, 0, 13, 49, 16, 0, 11, 
12, 0, 10, 9, 1, 9, 0, 0, 11, 10, 11, 9, 9, 1, 12, 11, 
9, 0, 49, 0, 9, 11, 0, 12, 0, 1, 10, 9, 11, 10, 9, 1, 
1, 10, 4, 5, 0, 9, 10, 39, 49, 35, 12, 10, 11, 10, 9, 1, 
11, 1, 9, 0, 0, 11, 11, 9, 24, 25, 9, 11, 12, 39, 49, 36, 
9, 11, 12, 9, 1, 0, 37, 31, 0, 1, 9, 9, 1, 10, 44, 45, 
1, 12, 9, 40, 49, 0, 10, 12, 9, 0, 0, 14, 13, 19, 0, 31, 
1, 12, 0, 9, 0, 0, 11, 21, 12, 0, 49, 13, 0, 37, 0, 14
 },
{ 16, 18, 14, 16, 0, 35, 10, 9, 10, 12, 12, 10, 9, 12, 0, 16, 
49, 0, 0, 0, 16, 18, 13, 18, 16, 18, 14, 0, 12, 0, 9, 0, 
37, 37, 37, 0, 13, 19, 49, 0, 0, 0, 18, 13, 14, 15, 13, 16, 
0, 13, 0, 37, 0, 10, 0, 0, 0, 0, 0, 0, 0, 0, 0, 0, 
13, 13, 18, 14, 14, 17, 0, 18, 14, 13, 17, 14, 18, 17, 0, 18, 
13, 13, 49, 13, 13, 17, 18, 13, 13, 0, 0, 0, 0, 13, 17, 18, 
19, 13, 15, 16, 15, 0, 0, 0, 48, 17, 13, 17, 20, 18, 18, 0, 
0, 0, 0, 14, 14, 13, 14, 18, 17, 17, 17, 0, 0, 0, 0, 17
 },
{ 16, 18, 0, 0, 0, 0, 0, 0, 0, 17, 17, 14, 20, 17, 17, 14, 
13, 0, 0, 0, 0, 13, 0, 13, 0, 0, 0, 0, 0, 0, 0, 0, 
0, 0, 0, 0, 13, 13, 16, 0, 0, 0, 0, 14, 13, 14, 0, 0, 
0, 18, 16, 16, 0, 16, 13, 17, 14, 17, 0, 0, 0, 15, 17, 0, 
0, 0, 0, 0, 0, 0, 0, 16, 17, 18, 0, 13, 18, 19, 17, 13, 
14, 17, 15, 14, 18, 16, 17, 16, 14, 14, 0, 0, 0, 17, 14, 14, 
0, 17, 17, 18, 14, 17, 14, 0, 0, 15, 16, 14, 15, 14, 18, 18, 
0, 0, 0, 0, 0, 17, 0, 14, 14, 18, 18, 20, 13, 0, 0, 0
 },
{ 0, 13, 14, 16, 18, 17, 16, 18, 14, 18, 16, 18, 0, 16, 18, 14, 
13, 15, 17, 14, 14, 0, 0, 0, 0, 14, 0, 34, 33, 34, 0, 0, 
34, 33, 0, 13, 14, 15, 18, 17, 0, 0, 0, 0, 14, 0, 0, 0, 
9, 10, 12, 10, 0, 10, 1, 11, 1, 0, 13, 14, 15, 14, 0, 0, 
0, 0, 17, 18, 45, 12, 11, 0, 9, 1, 11, 9, 1, 10, 9, 29, 
0, 0, 0, 0, 0, 0, 0, 0, 18, 14, 0, 10, 11, 2, 3, 4, 
5, 1, 11, 1, 0, 12, 11, 12, 0, 9, 0, 0, 0, 0, 14, 0, 
0, 9, 0, 22, 23, 24, 25, 10, 1, 9, 11, 1, 9, 1, 10, 10
 },
{ 0, 0, 0, 0, 15, 35, 12, 11, 9, 42, 43, 44, 45, 11, 9, 1, 
0, 12, 1, 0, 1, 11, 0, 0, 0, 0, 18, 36, 9, 10, 11, 0, 
0, 0, 0, 12, 12, 10, 9, 10, 41, 0, 1, 10, 0, 0, 0, 0, 
0, 0, 10, 0, 11, 9, 12, 10, 0, 11, 1, 9, 10, 0, 0, 0, 
0, 10, 0, 0, 0, 0, 17, 0, 0, 37, 0, 10, 10, 0, 9, 0, 
12, 0, 11, 0, 0, 11, 1, 9, 13, 16, 17, 14, 14, 17, 16, 13, 
18, 2, 2, 0, 37, 37, 0, 10, 10, 0, 11, 10, 11, 9, 16, 14, 
14, 13, 16, 13, 16, 14, 15, 18, 14, 0, 0, 0, 0, 0, 31, 10
 },
{ 11, 9, 12, 10, 16, 18, 17, 16, 17, 16, 18, 17, 13, 18, 14, 0, 
0, 0, 0, 16, 14, 5, 11, 10, 11, 9, 16, 0, 0, 18, 16, 17, 
16, 0, 0, 17, 14, 0, 0, 0, 0, 14, 17, 16, 31, 11, 10, 10, 
13, 0, 0, 0, 0, 0, 18, 0, 0, 0, 17, 0, 0, 0, 0, 14, 
16, 17, 0, 9, 11, 12, 18, 13, 0, 0, 16, 18, 13, 17, 0, 0, 
13, 17, 15, 18, 17, 15, 0, 18, 15, 2, 31, 10, 34, 33, 34, 33, 
33, 34, 34, 33, 34, 0, 14, 18, 13, 13, 15, 14, 0, 14, 18, 16, 
0, 9, 1, 41, 0, 12, 11, 9, 11, 21, 12, 0, 17, 13, 15, 18
 },
{ 14, 17, 14, 17, 13, 13, 18, 0, 11, 0, 0, 1, 12, 11, 1, 12, 
9, 0, 16, 0, 33, 33, 0, 16, 18, 15, 16, 15, 16, 0, 9, 0, 
1, 12, 9, 1, 11, 11, 0, 17, 0, 11, 1, 9, 40, 16, 0, 0, 
0, 15, 14, 16, 37, 38, 37, 37, 38, 0, 11, 10, 0, 16, 0, 9, 
12, 0, 39, 14, 0, 0, 0, 0, 0, 0, 17, 18, 13, 15, 14, 18, 
0, 0, 13, 0, 0, 9, 11, 10, 40, 15, 0, 0, 0, 18, 20, 14, 
13, 0, 0, 18, 0, 0, 0, 0, 17, 0, 10, 10, 11, 0, 29, 14, 
0, 0, 0, 0, 0, 0, 15, 0, 0, 17, 0, 0, 0, 0, 15, 14
 },
{ 31, 11, 21, 12, 12, 0, 0, 0, 0, 14, 15, 15, 13, 15, 20, 13, 
0, 0, 0, 0, 14, 15, 35, 10, 1, 9, 0, 0, 0, 0, 0, 15, 
14, 16, 14, 50, 14, 13, 15, 0, 18, 16, 15, 18, 36, 11, 0, 12, 
0, 0, 0, 0, 0, 17, 0, 0, 0, 0, 0, 0, 14, 0, 19, 13, 
0, 0, 36, 9, 11, 0, 10, 0, 29, 33, 33, 17, 16, 15, 16, 49, 
14, 16, 18, 0, 15, 0, 0, 0, 35, 1, 11, 1, 0, 9, 0, 0, 
0, 0, 14, 17, 0, 49, 0, 0, 0, 0, 0, 0, 15, 18, 32, 10, 
0, 0, 10, 0, 0, 1, 1, 0, 15, 16, 0, 49, 0, 0, 0, 0
 },
{ 0, 19, 0, 0, 37, 37, 31, 1, 0, 0, 1, 0, 0, 0, 0, 14, 
13, 48, 19, 16, 33, 33, 43, 44, 45, 33, 34, 33, 32, 11, 0, 21, 
0, 12, 0, 10, 0, 15, 13, 13, 20, 36, 11, 0, 12, 46, 47, 10, 
9, 0, 9, 0, 10, 12, 10, 11, 0, 1, 11, 0, 19, 18, 18, 0, 
12, 9, 0, 10, 11, 9, 10, 12, 0, 11, 1, 10, 11, 10, 0, 0, 
10, 40, 18, 14, 0, 11, 0, 10, 10, 9, 0, 10, 1, 0, 9, 11, 
10, 1, 0, 12, 11, 10, 0, 29, 14, 18, 0, 10, 12, 9, 10, 11, 
0, 1, 11, 10, 1, 10, 12, 10, 10, 0, 0, 0, 11, 0, 15, 0
 },
{ 11, 0, 10, 12, 10, 0, 10, 10, 9, 0, 10, 10, 0, 1, 12, 10, 
10, 9, 0, 10, 0, 0, 12, 10, 9, 0, 31, 10, 1, 0, 10, 12, 
10, 9, 0, 21, 10, 10, 10, 12, 0, 12, 0, 10, 11, 10, 0, 0, 
36, 10, 0, 10, 9, 11, 10, 12, 12, 10, 10, 9, 11, 11, 10, 10, 
0, 9, 11, 10, 0, 24, 36, 0, 10, 12, 11, 12, 10, 12, 10, 11, 
9, 11, 0, 12, 1, 1, 12, 10, 11, 9, 39, 0, 0, 0, 12, 10, 
11, 9, 10, 11, 10, 11, 11, 10, 0, 0, 0, 10, 11, 12, 9, 11, 
40, 0, 0, 12, 9, 0, 10, 12, 11, 10, 12, 10, 11, 10, 0, 0
 },
{ 0, 0, 1, 9, 11, 9, 40, 36, 10, 12, 0, 1, 0, 11, 9, 12, 
10, 11, 11, 10, 10, 6, 7, 8, 10, 11, 9, 12, 29, 32, 11, 1, 
1, 10, 12, 11, 1, 12, 0, 12, 10, 10, 11, 26, 27, 28, 12, 11, 
12, 11, 10, 11, 10, 1, 12, 11, 10, 1, 0, 12, 30, 37, 31, 21, 
12, 46, 47, 11, 11, 9, 10, 11, 9, 12, 1, 10, 9, 12, 10, 6, 
7, 8, 39, 19, 25, 9, 10, 9, 11, 0, 12, 1, 1, 11, 1, 9, 
11, 10, 11, 11, 9, 40, 19, 0, 0, 15, 0, 10, 12, 11, 10, 0, 
0, 2, 3, 4, 5, 1, 11, 11, 9, 12, 11, 39, 13, 14, 20, 16
 },
{ 0, 10, 10, 0, 9, 1, 11, 22, 23, 24, 25, 1, 1, 12, 9, 11, 
0, 29, 33, 34, 34, 33, 0, 0, 0, 11, 0, 1, 1, 42, 43, 44, 
45, 0, 11, 0, 0, 9, 0, 9, 0, 11, 9, 11, 0, 11, 0, 1, 
1, 0, 12, 9, 11, 12, 0, 0, 1, 0, 0, 1, 9, 1, 9, 0, 
1, 11, 0, 1, 11, 9, 0, 0, 12, 10, 10, 11, 0, 12, 1, 0, 
1, 0, 1, 0, 0, 12, 10, 10, 0, 11, 11, 1, 11, 1, 11, 11, 
1, 11, 11, 9, 6, 7, 8, 12, 1, 1, 0, 10, 0, 1, 10, 1, 
0, 0, 1, 12, 11, 9, 41, 0, 12, 10, 26, 27, 28, 11, 9, 0
 },
{ 1, 10, 10, 11, 1, 12, 9, 11, 1, 11, 12, 10, 0, 0, 10, 9, 
46, 47, 11, 0, 1, 1, 1, 0, 10, 10, 10, 0, 1, 1, 1, 0, 
9, 12, 0, 9, 10, 11, 11, 12, 9, 0, 1, 0, 1, 1, 11, 9, 
11, 10, 11, 10, 10, 1, 0, 10, 12, 10, 0, 1, 10, 0, 1, 1, 
0, 1, 11, 10, 1, 11, 0, 11, 1, 11, 11, 10, 10, 1, 0, 11, 
1, 0, 1, 1, 0, 1, 10, 0, 1, 0, 10, 1, 12, 10, 1, 1, 
21, 1, 9, 12, 1, 1, 1, 1, 0, 9, 0, 1, 11, 10, 0, 1, 
0, 0, 11, 1, 1, 1, 1, 11, 1, 11, 10, 0, 9, 1, 0, 11
 },
{ 11, 0, 21, 11, 1, 0, 12, 9, 0, 0, 11, 11, 1, 1, 1, 1, 
0, 12, 10, 11, 1, 1, 10, 9, 0, 12, 0, 0, 11, 0, 0, 10, 
12, 0, 0, 12, 10, 0, 1, 0, 12, 1, 0, 1, 12, 0, 0, 1, 
1, 10, 1, 0, 1, 12, 9, 12, 0, 0, 12, 1, 1, 0, 1, 1, 
0, 10, 1, 10, 0, 1, 11, 11, 0, 1, 10, 11, 11, 0, 9, 1, 
1, 12, 1, 1, 9, 11, 12, 10, 0, 0, 12, 1, 0, 0, 1, 10, 
1, 0, 21, 1, 1, 11, 1, 1, 10, 0, 1, 1, 12, 0, 1, 1, 
9, 10, 1, 1, 1, 12, 11, 11, 9, 0, 1, 1, 0, 0, 0, 0
 },
{ 0, 0, 0, 0, 0, 0, 0, 0, 0, 0, 0, 0, 0, 0, 0, 0, 
0, 0, 0, 0, 0, 0, 0, 0, 0, 0, 0, 0, 0, 0, 0, 0, 
0, 0, 0, 0, 0, 0, 0, 0, 0, 0, 0, 0, 0, 0, 0, 0, 
0, 0, 0, 0, 0, 0, 0, 0, 0, 0, 0, 0, 0, 0, 0, 0, 
0, 0, 0, 0, 0, 0, 0, 0, 0, 0, 0, 0, 0, 0, 0, 0, 
0, 0, 0, 0, 0, 0, 0, 0, 0, 0, 0, 0, 0, 0, 0, 0, 
0, 0, 0, 0, 0, 0, 0, 0, 0, 0, 0, 0, 0, 0, 0, 0, 
0, 0, 0, 0, 0, 0, 0, 0, 0, 0, 0, 0, 0, 0, 0, 0
 },
{ 0, 0, 0, 0, 0, 0, 0, 0, 0, 0, 0, 0, 0, 0, 0, 0, 
0, 0, 0, 0, 0, 0, 0, 0, 0, 0, 0, 0, 0, 0, 0, 0, 
0, 0, 0, 0, 0, 0, 0, 0, 0, 0, 0, 0, 0, 0, 0, 0, 
0, 0, 0, 0, 0, 0, 0, 0, 0, 0, 0, 0, 0, 0, 0, 0, 
0, 0, 0, 0, 0, 0, 0, 0, 0, 0, 0, 0, 0, 0, 0, 0, 
0, 0, 0, 0, 0, 0, 0, 0, 0, 0, 0, 0, 0, 0, 0, 0, 
0, 0, 0, 0, 0, 0, 0, 0, 0, 0, 0, 0, 0, 0, 0, 0, 
0, 0, 0, 0, 0, 0, 0, 0, 0, 0, 0, 0, 0, 0, 0, 0
 },
{ 0, 0, 0, 0, 0, 0, 0, 0, 0, 0, 0, 0, 0, 0, 0, 0, 
0, 0, 0, 0, 0, 0, 0, 0, 0, 0, 0, 0, 0, 0, 0, 0, 
0, 0, 0, 0, 0, 0, 0, 0, 0, 0, 0, 0, 0, 0, 0, 0, 
0, 0, 0, 0, 0, 0, 0, 0, 0, 0, 0, 0, 0, 0, 0, 0, 
0, 0, 0, 0, 0, 0, 0, 0, 0, 0, 0, 0, 0, 0, 0, 0, 
0, 0, 0, 0, 0, 0, 0, 0, 0, 0, 0, 0, 0, 0, 0, 0, 
0, 0, 0, 0, 0, 0, 0, 0, 0, 0, 0, 0, 0, 0, 0, 0, 
0, 0, 0, 0, 0, 0, 0, 0, 0, 0, 0, 0, 0, 0, 0, 0
 },
{ 0, 0, 0, 0, 0, 0, 0, 0, 0, 0, 0, 0, 0, 0, 0, 0, 
0, 0, 0, 0, 0, 0, 0, 0, 0, 0, 0, 0, 0, 0, 0, 0, 
0, 0, 0, 0, 0, 0, 0, 0, 0, 0, 0, 0, 0, 0, 0, 0, 
0, 0, 0, 0, 0, 0, 0, 0, 0, 0, 0, 0, 0, 0, 0, 0, 
0, 0, 0, 0, 0, 0, 0, 0, 0, 0, 0, 0, 0, 0, 0, 0, 
0, 0, 0, 0, 0, 0, 0, 0, 0, 0, 0, 0, 0, 0, 0, 0, 
0, 0, 0, 0, 0, 0, 0, 0, 0, 0, 0, 0, 0, 0, 0, 0, 
0, 0, 0, 0, 0, 0, 0, 0, 0, 0, 0, 0, 0, 0, 0, 0
 },
{ 0, 0, 0, 0, 0, 0, 0, 0, 0, 0, 0, 0, 0, 0, 0, 0, 
0, 0, 0, 0, 0, 0, 0, 0, 0, 0, 0, 0, 0, 0, 0, 0, 
0, 0, 0, 0, 0, 0, 0, 0, 0, 0, 0, 0, 0, 0, 0, 0, 
0, 0, 0, 0, 0, 0, 0, 0, 0, 0, 0, 0, 0, 0, 0, 0, 
0, 0, 0, 0, 0, 0, 0, 0, 0, 0, 0, 0, 0, 0, 0, 0, 
0, 0, 0, 0, 0, 0, 0, 0, 0, 0, 0, 0, 0, 0, 0, 0, 
0, 0, 0, 0, 0, 0, 0, 0, 0, 0, 0, 0, 0, 0, 0, 0, 
0, 0, 0, 0, 0, 0, 0, 0, 0, 0, 0, 0, 0, 0, 0, 0
 },
{ 0, 0, 0, 0, 0, 0, 0, 0, 0, 0, 0, 0, 0, 0, 0, 0, 
0, 0, 0, 0, 0, 0, 0, 0, 0, 0, 0, 0, 0, 0, 0, 0, 
0, 0, 0, 0, 0, 0, 0, 0, 0, 0, 0, 0, 0, 0, 0, 0, 
0, 0, 0, 0, 0, 0, 0, 0, 0, 0, 0, 0, 0, 0, 0, 0, 
0, 0, 0, 0, 0, 0, 0, 0, 0, 0, 0, 0, 0, 0, 0, 0, 
0, 0, 0, 0, 0, 0, 0, 0, 0, 0, 0, 0, 0, 0, 0, 0, 
0, 0, 0, 0, 0, 0, 0, 0, 0, 0, 0, 0, 0, 0, 0, 0, 
0, 0, 0, 0, 0, 0, 0, 0, 0, 0, 0, 0, 0, 0, 0, 0
 },
{ 0, 0, 0, 0, 0, 0, 0, 0, 0, 0, 0, 0, 0, 0, 0, 0, 
0, 0, 0, 0, 0, 0, 0, 0, 0, 0, 0, 0, 0, 0, 0, 0, 
0, 0, 0, 0, 0, 0, 0, 0, 0, 0, 0, 0, 0, 0, 0, 0, 
0, 0, 0, 0, 0, 0, 0, 0, 0, 0, 0, 0, 0, 0, 0, 0, 
0, 0, 0, 0, 0, 0, 0, 0, 0, 0, 0, 0, 0, 0, 0, 0, 
0, 0, 0, 0, 0, 0, 0, 0, 0, 0, 0, 0, 0, 0, 0, 0, 
0, 0, 0, 0, 0, 0, 0, 0, 0, 0, 0, 0, 0, 0, 0, 0, 
0, 0, 0, 0, 0, 0, 0, 0, 0, 0, 0, 0, 0, 0, 0, 0
 },
{ 0, 0, 0, 0, 0, 0, 0, 0, 0, 0, 0, 0, 0, 0, 0, 0, 
0, 0, 0, 0, 0, 0, 0, 0, 0, 0, 0, 0, 0, 0, 0, 0, 
0, 0, 0, 0, 0, 0, 0, 0, 0, 0, 0, 0, 0, 0, 0, 0, 
0, 0, 0, 0, 0, 0, 0, 0, 0, 0, 0, 0, 0, 0, 0, 0, 
0, 0, 0, 0, 0, 0, 0, 0, 0, 0, 0, 0, 0, 0, 0, 0, 
0, 0, 0, 0, 0, 0, 0, 0, 0, 0, 0, 0, 0, 0, 0, 0, 
0, 0, 0, 0, 0, 0, 0, 0, 0, 0, 0, 0, 0, 0, 0, 0, 
0, 0, 0, 0, 0, 0, 0, 0, 0, 0, 0, 0, 0, 0, 0, 0
 },
{ 0, 0, 0, 0, 0, 0, 0, 0, 0, 0, 0, 0, 0, 0, 0, 0, 
0, 0, 0, 0, 0, 0, 0, 0, 0, 0, 0, 0, 0, 0, 0, 0, 
0, 0, 0, 0, 0, 0, 0, 0, 0, 0, 0, 0, 0, 0, 0, 0, 
0, 0, 0, 0, 0, 0, 0, 0, 0, 0, 0, 0, 0, 0, 0, 0, 
0, 0, 0, 0, 0, 0, 0, 0, 0, 0, 0, 0, 0, 0, 0, 0, 
0, 0, 0, 0, 0, 0, 0, 0, 0, 0, 0, 0, 0, 0, 0, 0, 
0, 0, 0, 0, 0, 0, 0, 0, 0, 0, 0, 0, 0, 0, 0, 0, 
0, 0, 0, 0, 0, 0, 0, 0, 0, 0, 0, 0, 0, 0, 0, 0
 },
{ 0, 0, 0, 0, 0, 0, 0, 0, 0, 0, 0, 0, 0, 0, 0, 0, 
0, 0, 0, 0, 0, 0, 0, 0, 0, 0, 0, 0, 0, 0, 0, 0, 
0, 0, 0, 0, 0, 0, 0, 0, 0, 0, 0, 0, 0, 0, 0, 0, 
0, 0, 0, 0, 0, 0, 0, 0, 0, 0, 0, 0, 0, 0, 0, 0, 
0, 0, 0, 0, 0, 0, 0, 0, 0, 0, 0, 0, 0, 0, 0, 0, 
0, 0, 0, 0, 0, 0, 0, 0, 0, 0, 0, 0, 0, 0, 0, 0, 
0, 0, 0, 0, 0, 0, 0, 0, 0, 0, 0, 0, 0, 0, 0, 0, 
0, 0, 0, 0, 0, 0, 0, 0, 0, 0, 0, 0, 0, 0, 0, 0
 },
{ 0, 0, 0, 0, 0, 0, 0, 0, 0, 0, 0, 0, 0, 0, 0, 0, 
0, 0, 0, 0, 0, 0, 0, 0, 0, 0, 0, 0, 0, 0, 0, 0, 
0, 0, 0, 0, 0, 0, 0, 0, 0, 0, 0, 0, 0, 0, 0, 0, 
0, 0, 0, 0, 0, 0, 0, 0, 0, 0, 0, 0, 0, 0, 0, 0, 
0, 0, 0, 0, 0, 0, 0, 0, 0, 0, 0, 0, 0, 0, 0, 0, 
0, 0, 0, 0, 0, 0, 0, 0, 0, 0, 0, 0, 0, 0, 0, 0, 
0, 0, 0, 0, 0, 0, 0, 0, 0, 0, 0, 0, 0, 0, 0, 0, 
0, 0, 0, 0, 0, 0, 0, 0, 0, 0, 0, 0, 0, 0, 0, 0
 },
{ 0, 0, 0, 0, 0, 0, 0, 0, 0, 0, 0, 0, 0, 0, 0, 0, 
0, 0, 0, 0, 0, 0, 0, 0, 0, 0, 0, 0, 0, 0, 0, 0, 
0, 0, 0, 0, 0, 0, 0, 0, 0, 0, 0, 0, 0, 0, 0, 0, 
0, 0, 0, 0, 0, 0, 0, 0, 0, 0, 0, 0, 0, 0, 0, 0, 
0, 0, 0, 0, 0, 0, 0, 0, 0, 0, 0, 0, 0, 0, 0, 0, 
0, 0, 0, 0, 0, 0, 0, 0, 0, 0, 0, 0, 0, 0, 0, 0, 
0, 0, 0, 0, 0, 0, 0, 0, 0, 0, 0, 0, 0, 0, 0, 0, 
0, 0, 0, 0, 0, 0, 0, 0, 0, 0, 0, 0, 0, 0, 0, 0
 },
{ 0, 0, 0, 0, 0, 0, 0, 0, 0, 0, 0, 0, 0, 0, 0, 0, 
0, 0, 0, 0, 0, 0, 0, 0, 0, 0, 0, 0, 0, 0, 0, 0, 
0, 0, 0, 0, 0, 0, 0, 0, 0, 0, 0, 0, 0, 0, 0, 0, 
0, 0, 0, 0, 0, 0, 0, 0, 0, 0, 0, 0, 0, 0, 0, 0, 
0, 0, 0, 0, 0, 0, 0, 0, 0, 0, 0, 0, 0, 0, 0, 0, 
0, 0, 0, 0, 0, 0, 0, 0, 0, 0, 0, 0, 0, 0, 0, 0, 
0, 0, 0, 0, 0, 0, 0, 0, 0, 0, 0, 0, 0, 0, 0, 0, 
0, 0, 0, 0, 0, 0, 0, 0, 0, 0, 0, 0, 0, 0, 0, 0
 },
{ 0, 0, 0, 0, 0, 0, 0, 0, 0, 0, 0, 0, 0, 0, 0, 0, 
0, 0, 0, 0, 0, 0, 0, 0, 0, 0, 0, 0, 0, 0, 0, 0, 
0, 0, 0, 0, 0, 0, 0, 0, 0, 0, 0, 0, 0, 0, 0, 0, 
0, 0, 0, 0, 0, 0, 0, 0, 0, 0, 0, 0, 0, 0, 0, 0, 
0, 0, 0, 0, 0, 0, 0, 0, 0, 0, 0, 0, 0, 0, 0, 0, 
0, 0, 0, 0, 0, 0, 0, 0, 0, 0, 0, 0, 0, 0, 0, 0, 
0, 0, 0, 0, 0, 0, 0, 0, 0, 0, 0, 0, 0, 0, 0, 0, 
0, 0, 0, 0, 0, 0, 0, 0, 0, 0, 0, 0, 0, 0, 0, 0
 },
{ 0, 0, 0, 0, 0, 0, 0, 0, 0, 0, 0, 0, 0, 0, 0, 0, 
0, 0, 0, 0, 0, 0, 0, 0, 0, 0, 0, 0, 0, 0, 0, 0, 
0, 0, 0, 0, 0, 0, 0, 0, 0, 0, 0, 0, 0, 0, 0, 0, 
0, 0, 0, 0, 0, 0, 0, 0, 0, 0, 0, 0, 0, 0, 0, 0, 
0, 0, 0, 0, 0, 0, 0, 0, 0, 0, 0, 0, 0, 0, 0, 0, 
0, 0, 0, 0, 0, 0, 0, 0, 0, 0, 0, 0, 0, 0, 0, 0, 
0, 0, 0, 0, 0, 0, 0, 0, 0, 0, 0, 0, 0, 0, 0, 0, 
0, 0, 0, 0, 0, 0, 0, 0, 0, 0, 0, 0, 0, 0, 0, 0
 },
{ 0, 0, 0, 0, 0, 0, 0, 0, 0, 0, 0, 0, 0, 0, 0, 0, 
0, 0, 0, 0, 0, 0, 0, 0, 0, 0, 0, 0, 0, 0, 0, 0, 
0, 0, 0, 0, 0, 0, 0, 0, 0, 0, 0, 0, 0, 0, 0, 0, 
0, 0, 0, 0, 0, 0, 0, 0, 0, 0, 0, 0, 0, 0, 0, 0, 
0, 0, 0, 0, 0, 0, 0, 0, 0, 0, 0, 0, 0, 0, 0, 0, 
0, 0, 0, 0, 0, 0, 0, 0, 0, 0, 0, 0, 0, 0, 0, 0, 
0, 0, 0, 0, 0, 0, 0, 0, 0, 0, 0, 0, 0, 0, 0, 0, 
0, 0, 0, 0, 0, 0, 0, 0, 0, 0, 0, 0, 0, 0, 0, 0
 },
{ 0, 0, 14, 0, -1799, 0, -1455, 0, 0, 0, 13, 0, 0, 1, 9, 12, 
11, 1, 12, 1, 13, 16, 14, 18, 19, 13, 16, 18, 13, 0, 0, 0, 
35, 11, 0, 12, 1, 10, 1, 9, 1, 10, 18, 0, 0, 13, 0, 34, 
0, 0, 16, 0, 0, 0, 35, 0, 10, 9, 41, 0, 9, 0, 0, 11, 
16, 0, 0, 14, 0, 11, 10, 0, 13, 0, 0, 0, 36, 12, 1, 10, 
0, 0, 12, 11, 1, 9, 14, 13, 18, 13, 36, 12, 0, 11, 0, 0, 
0, 0, 35, 1, 11, 11, 0, 11, 10, 1, 11, 12, 18, 16, 13, 16, 
36, 1, 11, 0, 29, 33, 34, 34, 32, 10, 0, 11, 12, 1, 0, 11
 },
{ 9, 0, 16, 18, 14, 0, 32, 9, 0, 12, 0, 0, 11, 10, 12, 9, 
11, 9, 0, 1, 9, 12, 1, 10, 15, 18, 35, 11, 9, 9, 10, 11, 
9, 0, 11, 9, 0, 9, 11, 9, 11, 9, 9, 10, 11, 11, 19, 14, 
36, 9, 10, 0, 0, 37, 31, 11, 10, 11, 1, 10, 1, 11, 10, 10, 
12, 11, 0, 10, 14, 13, 0, 0, 37, 0, 20, 13, 35, 10, 0, 11, 
12, 0, 11, 10, 0, 11, 11, 9, 12, 11, 16, 17, 14, 13, 16, 14, 
13, 17, 0, 11, 12, 10, 11, 1, 12, 10, 9, 12, 1, 11, 10, 9, 
14, 16, 13, 14, 13, 17, 18, 16, 16, 0, 38, 37, 37, 0, 10, 9
 },
{ 11, 10, 10, 12, 1, 9, 13, 14, 17, 16, 18, 14, 14, 14, 14, 17, 
18, 13, 14, 16, 0, 12, 11, 0, 9, 1, 11, 12, 0, 34, 0, 13, 
17, 16, 13, 18, 14, 18, 14, 18, 17, 13, 0, 12, 0, 11, 10, 11, 
10, 9, 10, 9, 12, 0, 14, 13, 18, 14, 16, 13, 18, 13, 16, 14, 
0, 11, 10, 12, 0, 12, 9, 11, 11, 0, 10, 0, 14, 17, 16, 17, 
13, 14, 15, 18, 14, 15, 0, 1, 9, 10, 11, 10, 1, 10, 9, 1, 
11, 1, 0, 0, 0, 33, 34, 0, 13, 14, 13, 18, 0, 11, 0, 12, 
9, 1, 0, 9, 12, 10, 0, 12, 11, 9, 12, 10, 0, 9, 0, 13
 },
{ 15, 16, 0, 0, 9, 1, 10, 11, 9, 10, 12, 9, 10, 12, 10, 11, 
0, 9, 10, 12, 29, 34, 33, 0, 0, 9, 11, 12, 10, 12, 11, 12, 
0, 0, 11, 10, 21, 9, 11, 10, 9, 10, 10, 0, 12, 9, 10, 1, 
9, 10, 9, 6, 7, 8, 13, 16, 0, 9, 1, 11, 12, 10, 0, 10, 
11, 9, 1, 0, 11, 12, 0, 11, 9, 26, 27, 28, 20, 14, 0, 12, 
10, 10, 9, 0, 38, 31, 9, 10, 9, 10, 0, 1, 10, 9, 11, 46, 
47, 11, 14, 0, 0, 0, 37, 37, 0, 13, 14, 36, 11, 0, 1, 9, 
11, 10, 12, 0, 10, 9, 11, 9, 18, 0, 0, 0, 15, 16, 15, 20
 },
{ 16, 0, 10, 11, 21, 0, 9, 1, 0, 10, 12, 0, 0, 10, 0, 18, 
0, 0, 0, 0, 50, 13, 15, 10, 12, 9, 10, 11, 1, 11, 10, 9, 
9, 11, 0, 9, 12, 0, 0, 13, 0, 0, 49, 13, 0, 11, 10, 11, 
0, 0, 10, 1, 11, 9, 10, 9, 10, 0, 10, 9, 10, 0, 0, 13, 
49, 16, 0, 11, 12, 0, 10, 9, 1, 9, 0, 0, 11, 10, 11, 9, 
9, 1, 12, 11, 9, 0, 49, 0, 9, 11, 0, 12, 0, 1, 10, 9, 
11, 10, 9, 1, 1, 10, 4, 5, 0, 9, 10, 39, 49, 35, 12, 10, 
11, 10, 9, 1, 11, 1, 9, 0, 0, 11, 11, 9, 24, 25, 9, 11
 },
{ 12, 39, 49, 36, 9, 11, 12, 9, 1, 0, 37, 31, 0, 1, 9, 9, 
1, 10, 44, 45, 1, 12, 9, 40, 49, 0, 10, 12, 9, 0, 0, 14, 
13, 19, 0, 31, 1, 12, 0, 9, 0, 0, 11, 21, 12, 0, 49, 13, 
0, 37, 0, 14, 16, 18, 14, 16, 0, 35, 10, 9, 10, 12, 12, 10, 
9, 12, 0, 16, 49, 0, 0, 0, 16, 18, 13, 18, 16, 18, 14, 0, 
12, 0, 9, 0, 37, 37, 37, 0, 13, 19, 49, 0, 0, 0, 18, 13, 
14, 15, 13, 16, 0, 13, 0, 37, 0, 10, 0, 0, 0, 0, 0, 0, 
0, 0, 0, 0, 13, 13, 18, 14, 14, 17, 0, 18, 14, 13, 17, 14
 },
{ 18, 17, 0, 18, 13, 13, 49, 13, 13, 17, 18, 13, 13, 0, 0, 0, 
0, 13, 17, 18, 19, 13, 15, 16, 15, 0, 0, 0, 48, 17, 13, 17, 
20, 18, 18, 0, 0, 0, 0, 14, 14, 13, 14, 18, 17, 17, 17, 0, 
0, 0, 0, 17, 16, 18, 0, 0, 0, 0, 0, 0, 0, 17, 17, 14, 
20, 17, 17, 14, 13, 0, 0, 0, 0, 13, 0, 13, 0, 0, 0, 0, 
0, 0, 0, 0, 0, 0, 0, 0, 13, 13, 16, 0, 0, 0, 0, 14, 
13, 14, 0, 0, 0, 18, 16, 16, 0, 16, 13, 17, 14, 17, 0, 0, 
0, 15, 17, 0, 0, 0, 0, 0, 0, 0, 0, 16, 17, 18, 0, 13
 },
{ 18, 19, 17, 13, 14, 17, 15, 14, 18, 16, 17, 16, 14, 14, 0, 0, 
0, 17, 14, 14, 0, 17, 17, 18, 14, 17, 14, 0, 0, 15, 16, 14, 
15, 14, 18, 18, 0, 0, 0, 0, 0, 17, 0, 14, 14, 18, 18, 20, 
13, 0, 0, 0, 0, 13, 14, 16, 18, 17, 16, 18, 14, 18, 16, 18, 
0, 16, 18, 14, 13, 15, 17, 14, 14, 0, 0, 0, 0, 14, 0, 34, 
33, 34, 0, 0, 34, 33, 0, 13, 14, 15, 18, 17, 0, 0, 0, 0, 
14, 0, 0, 0, 9, 10, 12, 10, 0, 10, 1, 11, 1, 0, 13, 14, 
15, 14, 0, 0, 0, 0, 17, 18, 45, 12, 11, 0, 9, 1, 11, 9
 },
{ 1, 10, 9, 29, 0, 0, 0, 0, 0, 0, 0, 0, 18, 14, 0, 10, 
11, 2, 3, 4, 5, 1, 11, 1, 0, 12, 11, 12, 0, 9, 0, 0, 
0, 0, 14, 0, 0, 9, 0, 22, 23, 24, 25, 10, 1, 9, 11, 1, 
9, 1, 10, 10, 0, 0, 0, 0, 15, 35, 12, 11, 9, 42, 43, 44, 
45, 11, 9, 1, 0, 12, 1, 0, 1, 11, 0, 0, 0, 0, 18, 36, 
9, 10, 11, 0, 0, 0, 0, 12, 12, 10, 9, 10, 41, 0, 1, 10, 
0, 0, 0, 0, 0, 0, 10, 0, 11, 9, 12, 10, 0, 11, 1, 9, 
10, 0, 0, 0, 0, 10, 0, 0, 0, 0, 17, 0, 0, 37, 0, 10
 },
{ 10, 0, 9, 0, 12, 0, 11, 0, 0, 11, 1, 9, 13, 16, 17, 14, 
14, 17, 16, 13, 18, 2, 2, 0, 37, 37, 0, 10, 10, 0, 11, 10, 
11, 9, 16, 14, 14, 13, 16, 13, 16, 14, 15, 18, 14, 0, 0, 0, 
0, 0, 31, 10, 11, 9, 12, 10, 16, 18, 17, 16, 17, 16, 18, 17, 
13, 18, 14, 0, 0, 0, 0, 16, 14, 5, 11, 10, 11, 9, 16, 0, 
0, 18, 16, 17, 16, 0, 0, 17, 14, 0, 0, 0, 0, 14, 17, 16, 
31, 11, 10, 10, 13, 0, 0, 0, 0, 0, 18, 0, 0, 0, 17, 0, 
0, 0, 0, 14, 16, 17, 0, 9, 11, 12, 18, 13, 0, 0, 16, 18
 },
{ 13, 17, 0, 0, 13, 17, 15, 18, 17, 15, 0, 18, 15, 2, 31, 10, 
34, 33, 34, 33, 33, 34, 34, 33, 34, 0, 14, 18, 13, 13, 15, 14, 
0, 14, 18, 16, 0, 9, 1, 41, 0, 12, 11, 9, 11, 21, 12, 0, 
17, 13, 15, 18, 14, 17, 14, 17, 13, 13, 18, 0, 11, 0, 0, 1, 
12, 11, 1, 12, 9, 0, 16, 0, 33, 33, 0, 16, 18, 15, 16, 15, 
16, 0, 9, 0, 1, 12, 9, 1, 11, 11, 0, 17, 0, 11, 1, 9, 
40, 16, 0, 0, 0, 15, 14, 16, 37, 38, 37, 37, 38, 0, 11, 10, 
0, 16, 0, 9, 12, 0, 39, 14, 0, 0, 0, 0, 0, 0, 17, 18
 },
{ 13, 15, 14, 18, 0, 0, 13, 0, 0, 9, 11, 10, 40, 15, 0, 0, 
0, 18, 20, 14, 13, 0, 0, 18, 0, 0, 0, 0, 17, 0, 10, 10, 
11, 0, 29, 14, 0, 0, 0, 0, 0, 0, 15, 0, 0, 17, 0, 0, 
0, 0, 15, 14, 31, 11, 21, 12, 12, 0, 0, 0, 0, 14, 15, 15, 
13, 15, 20, 13, 0, 0, 0, 0, 14, 15, 35, 10, 1, 9, 0, 0, 
0, 0, 0, 15, 14, 16, 14, 50, 14, 13, 15, 0, 18, 16, 15, 18, 
36, 11, 0, 12, 0, 0, 0, 0, 0, 17, 0, 0, 0, 0, 0, 0, 
14, 0, 19, 13, 0, 0, 36, 9, 11, 0, 10, 0, 29, 33, 33, 17
 },
{ 16, 15, 16, 49, 14, 16, 18, 0, 15, 0, 0, 0, 35, 1, 11, 1, 
0, 9, 0, 0, 0, 0, 14, 17, 0, 49, 0, 0, 0, 0, 0, 0, 
15, 18, 32, 10, 0, 0, 10, 0, 0, 1, 1, 0, 15, 16, 0, 49, 
0, 0, 0, 0, 0, 19, 0, 0, 37, 37, 31, 1, 0, 0, 1, 0, 
0, 0, 0, 14, 13, 48, 19, 16, 33, 33, 43, 44, 45, 33, 34, 33, 
32, 11, 0, 21, 0, 12, 0, 10, 0, 15, 13, 13, 20, 36, 11, 0, 
12, 46, 47, 10, 9, 0, 9, 0, 10, 12, 10, 11, 0, 1, 11, 0, 
19, 18, 18, 0, 12, 9, 0, 10, 11, 9, 10, 12, 0, 11, 1, 10
 },
{ 11, 10, 0, 0, 10, 40, 18, 14, 0, 11, 0, 10, 10, 9, 0, 10, 
1, 0, 9, 11, 10, 1, 0, 12, 11, 10, 0, 29, 14, 18, 0, 10, 
12, 9, 10, 11, 0, 1, 11, 10, 1, 10, 12, 10, 10, 0, 0, 0, 
11, 0, 15, 0, 11, 0, 10, 12, 10, 0, 10, 10, 9, 0, 10, 10, 
0, 1, 12, 10, 10, 9, 0, 10, 0, 0, 12, 10, 9, 0, 31, 10, 
1, 0, 10, 12, 10, 9, 0, 21, 10, 10, 10, 12, 0, 12, 0, 10, 
11, 10, 0, 0, 36, 10, 0, 10, 9, 11, 10, 12, 12, 10, 10, 9, 
11, 11, 10, 10, 0, 9, 11, 10, 0, 24, 36, 0, 10, 12, 11, 12
 },
{ 10, 12, 10, 11, 9, 11, 0, 12, 1, 1, 12, 10, 11, 9, 39, 0, 
0, 0, 12, 10, 11, 9, 10, 11, 10, 11, 11, 10, 0, 0, 0, 10, 
11, 12, 9, 11, 40, 0, 0, 12, 9, 0, 10, 12, 11, 10, 12, 10, 
11, 10, 0, 0, 0, 0, 1, 9, 11, 9, 40, 36, 10, 12, 0, 1, 
0, 11, 9, 12, 10, 11, 11, 10, 10, 6, 7, 8, 10, 11, 9, 12, 
29, 32, 11, 1, 1, 10, 12, 11, 1, 12, 0, 12, 10, 10, 11, 26, 
27, 28, 12, 11, 12, 11, 10, 11, 10, 1, 12, 11, 10, 1, 0, 12, 
30, 37, 31, 21, 12, 46, 47, 11, 11, 9, 10, 11, 9, 12, 1, 10
 },
{ 9, 12, 10, 6, 7, 8, 39, 19, 25, 9, 10, 9, 11, 0, 12, 1, 
1, 11, 1, 9, 11, 10, 11, 11, 9, 40, 19, 0, 0, 15, 0, 10, 
12, 11, 10, 0, 0, 2, 3, 4, 5, 1, 11, 11, 9, 12, 11, 39, 
13, 14, 20, 16, 0, 10, 10, 0, 9, 1, 11, 22, 23, 24, 25, 1, 
1, 12, 9, 11, 0, 29, 33, 34, 34, 0, 0, 0, 0, 11, 0, 1, 
1, 42, 43, 44, 45, 0, 11, 0, 0, 9, 0, 9, 0, 11, 9, 11, 
0, 11, 0, 1, 1, 0, 12, 9, 11, 12, 0, 0, 1, 0, 0, 1, 
9, 1, 9, 0, 1, 11, 0, 1, 11, 9, 0, 0, 12, 10, 10, 11
 },
{ 0, 12, 1, 0, 1, 0, 1, 0, 0, 12, 10, 10, 0, 11, 11, 1, 
11, 1, 11, 11, 1, 11, 11, 9, 6, 7, 8, 12, 1, 1, 0, 10, 
0, 1, 10, 1, 0, 0, 1, 12, 11, 9, 41, 0, 12, 10, 26, 27, 
28, 11, 9, 0, 1, 10, 10, 11, 1, 12, 9, 11, 1, 11, 12, 10, 
0, 0, 10, 9, 46, 47, 11, 0, 1, 1, 1, 0, 10, 10, 10, 0, 
1, 1, 1, 0, 9, 12, 0, 9, 10, 11, 11, 12, 9, 0, 1, 0, 
1, 1, 11, 9, 11, 10, 11, 10, 10, 1, 0, 10, 12, 10, 0, 1, 
10, 0, 1, 1, 0, 1, 11, 10, 1, 11, 0, 11, 1, 11, 11, 10
 },
{ 10, 1, 0, 11, 1, 0, 1, 1, 0, 1, 10, 0, 1, 0, 10, 1, 
12, 10, 1, 1, 21, 1, 9, 12, 1, 1, 1, 1, 0, 9, 0, 1, 
11, 10, 0, 1, 0, 0, 11, 1, 1, 1, 1, 11, 1, 11, 10, 0, 
9, 1, 0, 11, 11, 0, 21, 11, 1, 0, 12, 9, 0, 0, 11, 11, 
1, 1, 1, 1, 0, 12, 10, 11, 1, 1, 10, 9, 0, 12, 0, 0, 
11, 0, 0, 10, 12, 0, 0, 12, 10, 0, 1, 0, 12, 1, 0, 1, 
12, 0, 0, 1, 1, 10, 1, 0, 1, 12, 9, 12, 0, 0, 12, 1, 
1, 0, 1, 1, 0, 10, 1, 10, 0, 1, 11, 11, 0, 1, 10, 11
 },
{ 11, 0, 9, 1, 1, 12, 1, 1, 9, 11, 12, 10, 0, 0, 12, 1, 
0, 0, 1, 10, 1, 0, 21, 1, 1, 11, 1, 1, 10, 0, 1, 1, 
12, 0, 1, 1, 9, 10, 1, 1, 1, 12, 11, 11, 9, 0, 1, 1, 
0, 0, 20, 0, 0, 0, -187, 0, 20, 20, 20, 20, 20, 20, 20, 20, 
20, 20, 20, 20, 20, 20, 20, 20, 20, 20, 20, 20, 20, 20, 20, 20, 
20, 20, 20, 20, 20, 20, 20, 20, 20, 20, 20, 20, 20, 20, 20, 20, 
20, 20, 20, 20, 20, 20, 20, 20, 20, 20, 20, 20, 20, 20, 20, 20, 
20, 20, 20, 20, 20, 20, 20, 20, 20, 20, 20, 20, 20, 20, 20, 20
 },
{ 20, 20, 20, 20, 20, 20, 20, 20, 20, 20, 20, 20, 20, 20, 20, 20, 
20, 20, 20, 20, 20, 20, 20, 20, 20, 20, 20, 20, 20, 20, 20, 20, 
20, 20, 20, 20, 20, 20, 20, 20, 20, 20, 20, 20, 20, 20, 20, 20, 
20, 20, 20, 20, 20, 20, 20, 20, 20, 20, 20, 20, 20, 20, 20, 20, 
20, 20, 20, 20, 20, 20, 20, 20, 20, 20, 20, 20, 20, 20, 20, 20, 
20, 20, 20, 20, 20, 20, 20, 20, 20, 20, 20, 20, 20, 20, 20, 20, 
20, 20, 20, 20, 20, 20, 20, 20, 20, 20, 20, 20, 20, 20, 20, 20, 
20, 20, 20, 20, 20, 20, 20, 20, 20, 20, 20, 20, 20, 20, 20, 20
 },
{ 20, 20, 20, 20, 20, 20, 20, 20, 20, 20, 20, 20, 20, 20, 20, 20, 
20, 20, 20, 20, 20, 20, 20, 20, 20, 20, 20, 20, 20, 20, 20, 20, 
20, 20, 20, 20, 20, 20, 20, 20, 20, 20, 20, 20, 20, 20, 20, 20, 
20, 20, 20, 20, 20, 20, 20, 20, 20, 20, 20, 20, 20, 20, 20, 20, 
20, 20, 20, 20, 20, 20, 20, 20, 20, 20, 20, 20, 20, 20, 20, 20, 
20, 20, 20, 20, 20, 20, 20, 20, 20, 20, 20, 20, 20, 20, 20, 20, 
20, 20, 20, 20, 20, 20, 20, 20, 20, 20, 20, 20, 20, 20, 20, 20, 
20, 20, 20, 20, 20, 20, 20, 20, 20, 20, 20, 20, 20, 20, 20, 20
 },
{ 20, 20, 20, 20, 20, 20, 20, 20, 20, 20, 20, 20, 20, 20, 20, 20, 
20, 20, 20, 20, 20, 20, 20, 20, 20, 20, 20, 20, 20, 20, 20, 20, 
20, 20, 20, 20, 20, 20, 20, 20, 20, 20, 20, 20, 20, 20, 20, 20, 
20, 20, 20, 20, 20, 20, 20, 20, 20, 20, 20, 20, 20, 20, 20, 20, 
20, 20, 20, 20, 20, 20, 20, 20, 20, 20, 20, 20, 20, 20, 20, 20, 
20, 20, 20, 20, 20, 20, 20, 20, 20, 20, 20, 20, 20, 20, 20, 20, 
20, 20, 20, 20, 20, 20, 20, 20, 20, 20, 20, 20, 20, 20, 20, 20, 
20, 20, 20, 20, 20, 20, 20, 20, 20, 20, 20, 20, 20, 20, 20, 20
 },
{ 20, 20, 20, 20, 20, 20, 20, 20, 20, 20, 20, 20, 20, 20, 20, 20, 
20, 20, 20, 20, 20, 20, 20, 20, 20, 20, 20, 20, 20, 20, 20, 20, 
20, 20, 20, 20, 20, 20, 20, 20, 20, 20, 20, 20, 20, 20, 20, 20, 
20, 20, 20, 20, 20, 20, 20, 20, 20, 20, 20, 20, 20, 20, 20, 20, 
20, 20, 20, 20, 20, 20, 20, 20, 20, 20, 20, 20, 20, 20, 20, 20, 
20, 20, 20, 20, 20, 20, 20, 20, 20, 20, 20, 20, 20, 20, 20, 20, 
20, 20, 20, 20, 20, 20, 20, 20, 20, 20, 20, 20, 20, 20, 20, 20, 
20, 20, 20, 20, 20, 20, 20, 20, 20, 20, 20, 20, 20, 20, 20, 20
 },
{ 20, 20, 20, 20, 20, 20, 20, 20, 20, 20, 20, 20, 20, 20, 20, 20, 
20, 20, 20, 20, 20, 20, 20, 20, 20, 20, 20, 20, 20, 20, 20, 20, 
20, 20, 20, 20, 20, 20, 20, 20, 20, 20, 20, 20, 20, 20, 20, 20, 
20, 20, 20, 20, 20, 20, 20, 20, 20, 20, 20, 20, 20, 20, 20, 20, 
20, 20, 20, 20, 20, 20, 20, 20, 20, 20, 20, 20, 20, 20, 20, 20, 
20, 20, 20, 20, 20, 20, 20, 20, 20, 20, 20, 20, 20, 20, 20, 20, 
20, 20, 20, 20, 20, 20, 20, 20, 20, 20, 20, 20, 20, 20, 20, 20, 
20, 20, 20, 20, 20, 20, 20, 20, 20, 20, 20, 20, 20, 20, 20, 20
 },
{ 20, 20, 20, 20, 20, 20, 20, 20, 20, 20, 20, 20, 20, 20, 20, 20, 
20, 20, 20, 20, 20, 20, 20, 20, 20, 20, 20, 20, 20, 20, 20, 20, 
20, 20, 20, 20, 20, 20, 20, 20, 20, 20, 20, 20, 20, 20, 20, 20, 
20, 20, 20, 20, 20, 20, 20, 20, 20, 20, 20, 20, 20, 20, 20, 20, 
20, 20, 20, 20, 20, 20, 20, 20, 20, 20, 20, 20, 20, 20, 20, 20, 
20, 20, 20, 20, 20, 20, 20, 20, 20, 20, 20, 20, 20, 20, 20, 20, 
20, 20, 20, 20, 20, 20, 20, 20, 20, 20, 20, 20, 20, 20, 20, 20, 
20, 20, 20, 20, 20, 20, 20, 20, 20, 20, 20, 20, 20, 20, 20, 20
 },
{ 20, 20, 20, 20, 20, 20, 20, 20, 20, 20, 20, 20, 20, 20, 20, 20, 
20, 20, 20, 20, 20, 20, 20, 20, 20, 20, 20, 20, 20, 20, 20, 20, 
20, 20, 20, 20, 20, 20, 20, 20, 20, 20, 20, 20, 20, 20, 20, 20, 
20, 20, 20, 20, 20, 20, 20, 20, 20, 20, 20, 20, 20, 20, 20, 20, 
20, 20, 20, 20, 20, 20, 20, 20, 20, 20, 20, 20, 20, 20, 20, 20, 
20, 20, 20, 20, 20, 20, 20, 20, 20, 20, 20, 20, 20, 20, 20, 20, 
20, 20, 20, 20, 20, 20, 20, 20, 20, 20, 20, 20, 20, 20, 20, 20, 
20, 20, 20, 20, 20, 20, 20, 20, 20, 20, 20, 20, 20, 20, 20, 20
 },
{ 20, 20, 20, 20, 20, 20, 20, 20, 20, 20, 20, 20, 20, 20, 20, 20, 
20, 20, 20, 20, 20, 20, 20, 20, 20, 20, 20, 20, 20, 20, 20, 20, 
20, 20, 20, 20, 20, 20, 20, 20, 20, 20, 20, 20, 20, 20, 20, 20, 
20, 20, 20, 20, 20, 20, 20, 20, 20, 20, 20, 20, 20, 20, 20, 20, 
20, 20, 20, 20, 20, 20, 20, 20, 20, 20, 20, 20, 20, 20, 20, 20, 
20, 20, 20, 20, 20, 20, 20, 20, 20, 20, 20, 20, 20, 20, 20, 20, 
20, 20, 20, 20, 20, 20, 20, 20, 20, 20, 20, 20, 20, 20, 20, 20, 
20, 20, 20, 20, 20, 20, 20, 20, 20, 20, 20, 20, 20, 20, 20, 20
 },
{ 20, 20, 20, 20, 20, 20, 20, 20, 20, 20, 20, 20, 20, 20, 20, 20, 
20, 20, 20, 20, 20, 20, 20, 20, 20, 20, 20, 20, 20, 20, 20, 20, 
20, 20, 20, 20, 20, 20, 20, 20, 20, 20, 20, 20, 20, 20, 20, 20, 
20, 20, 20, 20, 20, 20, 20, 20, 20, 20, 20, 20, 20, 20, 20, 20, 
20, 20, 20, 20, 20, 20, 20, 20, 20, 20, 20, 20, 20, 20, 20, 20, 
20, 20, 20, 20, 20, 20, 20, 20, 20, 20, 20, 20, 0, 0, 0, 0, 
0, 0, 0, -1343, -6, 0, -6, 0, -6, 0, -6, 0, -6, 0, -6, 0, 
-6, 0, 9, 3, 5, 0, 11, 0, 13, 0, 15, 0, -5, 0, -6, 0
 },
{ -6, 0, -6, 0, -6, 0, -6, 0, -6, 0, -6, 0, -6, 0, -6, 0, 
3, 7, 9, 0, -6, 0, -6, 0, -6, 0, -6, 0, -6, 0, -6, 0, 
-6, 0, -6, 0, -6, 0, -6, 0, -6, 0, -6, 0, -6, 0, -6, 0, 
-6, 0, -6, 0, -6, 0, -6, 0, -6, 0, -6, 0, -6, 0, -6, 0, 
-6, 0, -6, 0, -6, 0, -6, 0, -6, 0, -6, 0, -6, 0, -6, 0, 
-6, 0, -6, 0, -6, 0, -6, 0, -6, 0, -6, 0, -6, 0, -6, 0, 
-6, 0, -6, 0, -6, 0, -6, 0, -6, 0, -6, 0, -6, 0, -6, 0, 
-6, 0, -6, 0, -6, 0, -6, 0, -6, 0, -6, 0, -6, 0, -6, 0
 },
{ -6, 0, -6, 0, -6, 0, -6, 0, -6, 0, -6, 0, -6, 0, -6, 0, 
-6, 0, -6, 0, -6, 0, -6, 0, -6, 0, -6, 0, -6, 0, -6, 0, 
-6, 0, -6, 0, -6, 0, -6, 0, -6, 0, -6, 0, -6, 0, -6, 0, 
-6, 0, -6, 0, -6, 0, -6, 0, -6, 0, 0, 0, 8, 0, 0, 0, 
0, 0, 0, 0, 0, 0, 0, 0, 0, 0, 0, 0, 0, 0, 0, 0, 
0, 0, 0, 0, 0, 0, 0, 0, 0, 0, -132, 0, 4, 8, 0, 0, 
0, 0, 0, 0, 0, 0, 0, 0, 0, 0, 14, 0, 8, 4, 0, 0, 
0, 0, 0, 0, 0, 0, 0, 0, 0, 0, 0, 0, 0, 0, 48, 0
 },
{ 0, 0, 0, 0, 0, 0, 0, 0, 0, 0, 0, 0, 4, 8, 0, 0, 
0, 0, 0, 0, 0, 0, 0, 0, -1744, -1960, -2006, -1751, 3, 4, 0, 0, 
0, 0, 0, 0, 0, 0, 0, 0, 0, 3, 0, 0, 0, 0, 0, 0, 
0, 0, 0, 0, 0, 0, 0, 0, 0, 0, 0, 0, 2, 0, 0, 0, 
0, 0, 0, 0, 0, 0, 0, 0, 0, 0, 0, 0, 0, 0, 0, 0, 
0, 0, 0, 0, 0, 0, 0, 0, 0, 0, 0, 0, 0, 0, 0, 0, 
0, 0, 0, 0, 0, 0, 0, 0, 0, 0, 0, 0, 0, 0, 0, 0, 
0, 0, 0, 0, 0, 0, 0, 0, 0, 0, 0, 0, 0, 0, 0, 0
 },
{ 0, 0, 0, 0, 0, 0, 0, 0, 0, 0, 0, 0, 0, 0, 0, 0, 
0, 0, 0, 0, 0, 0, 0, 0, 0, 0, 0, 0, 0, 0, 0, 0, 
0, 0, 0, 0, 0, 0, 0, 0, 0, 0, 0, 0, 0, 0, 0, 0, 
0, 0, 0, 0, 0, 0, 0, 0, 0, 0, 0, 0, 0, 0, 0, 0, 
0, 0, 0, 0, 0, 0, 0, 0, 0, 0, 0, 0, 0, 0, 0, 0, 
0, 0, 0, 0, 0, 0, 0, 0, 0, 0, 0, 0, 0, 0, 0, 0, 
0, 0, 0, 0, 0, 0, 0, 0, 0, 0, 0, 0, 0, 0, 0, 0, 
0, 0, 0, 0, 0, 0, 0, 0, 0, 0, 0, 0, 0, 0, 0, 0
 },
{ 0, 0, 0, 0, 0, 0, 0, 0, 0, 0, 0, 0, 0, 0, 0, 0, 
0, 0, 0, 0, 0, 0, 0, 0, 0, 0, 0, 0, 0, 0, 0, 0, 
0, 0, 0, 0, 0, 0, 0, 0, 0, 0, 0, 0, 0, 0, 0, 0, 
0, 0, 0, 0, 0, 0, 0, 0, 0, 0, 0, 0, 0, 0, 0, 0, 
0, 0, 0, 0, 0, 0, 0, 0, 0, 0, 0, 0, 0, 0, 0, 0, 
0, 0, 0, 0, 0, 0, 0, 0, 0, 0, 0, 0, 0, 0, 0, 0, 
0, 0, 0, 0, 0, 0, 0, 0, 0, 0, 0, 0, 0, 0, 0, 0, 
0, 0, 0, 0, 0, 0, 0, 0, 0, 0, 0, 0, 0, 0, 0, 0
 },
{ 0, 0, 0, 0, 0, 0, 0, 0, 0, 0, 0, 0, 0, 0, 0, 0, 
0, 0, 0, 0, 0, 0, 0, 0, 0, 0, 0, 0, 0, 0, 0, 0, 
0, 0, 0, 0, 0, 0, 0, 0, 0, 0, 0, 0, 0, 0, 0, 0, 
0, 0, 0, 0, 0, 0, 0, 0, 0, 0, 0, 0, 0, 0, 0, 0, 
0, 0, 0, 0, 0, 0, 0, 0, 0, 0, 0, 0, 0, 0, 0, 0, 
0, 0, 0, 0, 0, 0, 0, 0, 0, 0, 0, 0, 0, 0, 0, 0, 
0, 0, 0, 0, 0, 0, 0, 0, 0, 0, 0, 0, 0, 0, 0, 0, 
0, 0, 0, 0, 0, 0, 0, 0, 0, 0, 0, 0, 0, 0, 0, 0
 },
{ 0, 0, 0, 0, 0, 0, 0, 0, 0, 0, 0, 0, 0, 0, 0, 0, 
0, 0, 0, 0, 0, 0, 0, 0, 0, 0, 0, 0, 0, 0, 0, 0, 
0, 0, 0, 0, 0, 0, 0, 0, 0, 0, 0, 0, 0, 0, 1, 0, 
1, 0, 0, 0, 0, 0, 0, 0, 0, 0, 0, 0, 1, 0, 0, 0, 
0, 0, 0, 0, 0, 0, 0, 0, 0, 0, 0, 0, 0, 0, 0, 0, 
0, 0, 0, 0, 0, 0, 0, 0, 0, 0, 0, 0, 0, 0, 0, 0, 
0, 0, 0, 0, 4, 0, 0, 0, 0, 0, 0, 0, 0, 0, 0, 0, 
0, 0, 0, 0, 7, 4, 0, 0, 0, 0, 0, 0, 0, 0, 0, 0
 },
{ 0, 0, 0, 0, 0, 0, 0, 0, 0, 0, 0, 0, 0, 0, 0, 0, 
9, 7, 0, 0, 0, 0, 0, 0, 0, 0, 0, 0, 0, 0, 0, 0, 
0, 0, 20, 0, 0, 0, 0, 0, 0, 0, 0, 0, 0, 0, -1019, 0, 
0, 0, 0, 0, 16, 9, 0, 0, 0, 0, 0, 0, 0, 0, 0, 0, 
0, 0, 0, 0, -912, 0, -1636, 0, 0, 0, 0, 0, 0, 0, 0, 0, 
0, 0, 0, 0, 0, 0, -1853, 0, 0, 0, 0, 0, 0, 0, 0, 0, 
-2, 0, 0, 0, 0, 0, 0, 0, 0, 0, 0, 0, -1739, 0, 0, 0, 
0, 0, 0, 0, 42, 16, 0, 0, 0, 0, 0, 0, 0, 0, 0, 0
 },
{ 0, 0, 0, 0, 0, 0, 0, 0, 0, 0, 0, 0, 0, 0, 0, 0, 
0, 0, 0, 0, 0, 0, 0, 0, 0, 0, 0, 0, 0, 0, 0, 0, 
0, 0, 0, 0, 0, 0, 0, 0, 0, 0, 0, 0, 0, 0, 0, 0, 
0, 0, 0, 0, 0, 0, 0, 0, 0, 0, 0, 0, 0, 0, 0, 0, 
0, 0, 0, 0, 0, 0, 0, 0, 0, 0, 0, 0, 0, 0, 0, 0, 
0, 0, 0, 0, 49, 0, 0, 0, 0, 0, 0, 0, 0, 0, 0, 0, 
0, 0, 0, 0, 0, 0, 0, 0, 0, 0, 0, 0, 0, 0, 0, 0, 
0, 0, 0, 0, 0, 0, 0, 0, 0, 0, 0, 0, 0, 0, 0, 0
 },
{ 0, 0, 0, 0, 0, 0, 0, 0, 0, 0, 0, 0, 0, 0, 0, 0, 
0, 0, 0, 0, 0, 0, 0, 0, 0, 0, 0, 0, 3, 42, 0, 0, 
0, 0, 0, 0, 0, 0, 0, 0, 0, 3, 0, 0, -767, 0, 0, 0, 
0, 0, 0, 0, 0, 0, 0, 0, 0, 0, 0, 0, 0, 0, 0, 0, 
0, 0, 0, 0, 0, 0, 0, 0, 0, 0, 0, 0, 0, 0, 0, 0, 
0, 0, 0, 0, 0, 0, 0, 0, 0, 0, 0, 0, 0, 0, 0, 0, 
0, 0, 0, 0, 0, 0, 0, 0, 0, 0, 0, 0, 0, 0, 0, 0, 
0, 0, 0, 0, 0, 0, 0, 0, 0, 0, 0, 0, 0, 0, 0, 0
 },
{ 0, 0, 0, 0, 0, 0, 0, 0, 0, 0, 0, 0, 0, 0, 0, 0, 
0, 0, 0, 0, 0, 0, 0, 0, 0, 0, 0, 0, 0, 0, 0, 0, 
0, 0, 0, 0, 0, 0, 0, 0, 0, 0, 0, 0, 0, 0, 0, 0, 
0, 0, 0, 0, 0, 0, 0, 0, 0, 0, 0, 0, 0, 0, 0, 0, 
0, 0, 0, 0, 0, 0, 0, 0, 0, 0, 0, 0, 0, 0, 0, 0, 
0, 0, 0, 0, 0, 0, 0, 0, 0, 0, 0, 0, 0, 0, 0, 0, 
0, 0, 0, 0, 0, 0, 0, 0, 0, 0, 0, 0, 0, 0, 0, 0, 
0, 0, 0, 0, 0, 0, 0, 0, 0, 0, 0, 0, 0, 0, 0, 0
 },
{ 0, 0, 0, 0, 0, 0, 0, 0, 0, 0, 0, 0, 0, 0, 0, 0, 
0, 0, 0, 0, 0, 0, 0, 0, 0, 0, 0, 0, 0, 0, 0, 0, 
0, 0, 0, 0, 0, 0, 0, 0, 0, 0, 0, 0, 0, 0, 0, 0, 
0, 0, 0, 0, 0, 0, 0, 0, 0, 0, 0, 0, 0, 0, 0, 0, 
0, 0, 0, 0, 0, 0, 0, 0, 0, 0, 0, 0, 0, 0, 0, 0, 
0, 0, 0, 0, 0, 0, 0, 0, 0, 0, 0, 0, 0, 0, 0, 0, 
0, 0, 0, 0, 0, 0, 0, 0, 0, 0, 0, 0, 0, 0, 0, 0, 
0, 0, 0, 0, 0, 0, 0, 0, 0, 0, 0, 0, 0, 0, 0, 0
 },
{ 0, 0, 0, 0, 0, 0, 0, 0, 0, 0, 0, 0, 0, 0, 0, 0, 
0, 0, 0, 0, 0, 0, 0, 0, 0, 0, 0, 0, 0, 0, 0, 0, 
0, 0, 0, 0, 0, 0, 0, 0, 0, 0, 0, 0, 0, 0, 0, 0, 
0, 0, 0, 0, 0, 0, 0, 0, 0, 0, 0, 0, 0, 0, 0, 0, 
0, 0, 0, 0, 0, 0, 0, 0, 0, 0, 0, 0, 0, 0, 0, 0, 
0, 0, 0, 0, 0, 0, 0, 0, 0, 0, 0, 0, 0, 0, 0, 0, 
0, 0, 0, 0, 0, 0, 0, 0, 0, 0, 0, 0, 0, 0, 0, 0, 
0, 0, 0, 0, 0, 0, 0, 0, 0, 0, 0, 0, 0, 0, 0, 0
 },
{ 0, 0, 0, 0, 0, 0, 0, 0, 0, 0, 0, 0, 0, 0, 0, 0, 
0, 0, 0, 0, 0, 0, 0, 0, 0, 0, 0, 0, 0, 0, 0, 0, 
0, 0, 0, 0, 0, 0, 0, 0, 0, 0, 0, 0, 0, 0, 0, 0, 
0, 0, 0, 0, 0, 0, 0, 0, 0, 0, 0, 0, 0, 0, 0, 0, 
0, 0, 0, 0, 0, 0, 0, 0, 0, 0, 0, 0, 0, 0, 0, 0, 
0, 0, 0, 0, 0, 0, 0, 0, 0, 0, 0, 0, 0, 0, 0, 0, 
0, 0, 0, 0, 0, 0, 0, 0, 0, 0, 0, 0, 0, 0, 0, 0, 
0, 0, 0, 0, 0, 0, 0, 0, 0, 0, 0, 0, 0, 0, 0, 0
 },
{ 0, 0, 0, 0, 0, 0, 0, 0, 0, 0, 0, 0, 0, 0, 0, 0, 
0, 0, 0, 0, 0, 0, 0, 0, 0, 0, 0, 0, 0, 0, 0, 0, 
0, 0, 0, 0, 0, 0, 0, 0, 0, 0, 0, 0, 0, 0, 0, 0, 
0, 0, 0, 0, 0, 0, 0, 0, 0, 0, 0, 0, 0, 0, 0, 0, 
0, 0, 0, 0, 0, 0, 0, 0, 0, 0, 0, 0, 0, 0, 0, 0, 
0, 0, 0, 0, 0, 0, 0, 0, 0, 0, 0, 0, 0, 0, 0, 0, 
0, 0, 0, 0, 0, 0, 0, 0, 0, 0, 0, 0, 0, 0, 0, 0, 
0, 0, 0, 0, 0, 0, 0, 0, 0, 0, 0, 0, 0, 0, 0, 0
 },
{ 0, 0, 0, 0, 0, 0, 0, 0, 0, 0, 0, 0, 0, 0, 0, 0, 
0, 0, 0, 0, 0, 0, 0, 0, 0, 0, 0, 0, 0, 0, 0, 0, 
0, 0, 0, 0, 0, 0, 0, 0, 0, 0, 0, 0, 0, 0, 0, 0, 
0, 0, 0, 0, 0, 0, 0, 0, 0, 0, 0, 0, 0, 0, 0, 0, 
0, 0, 0, 0, 0, 0, 0, 0, 0, 0, 0, 0, 0, 0, 0, 0, 
0, 0, 0, 0, 0, 0, 0, 0, 0, 0, 0, 0, 0, 0, 0, 0, 
34, 0, 27, 0, 0, 0, 0, 0, 32, 0, 0, 0, 0, 0, 0, 0, 
10, 0, 10, 0, 10, 0, 10, 0, 10, 0, 11, 0, 11, 0, 11, 0
 },
{ 12, 0, 12, 0, 12, 0, 12, 0, 12, 0, 12, 0, 12, 0, 12, 0, 
12, 0, 13, 0, 21, 11, 0, 0, 0, 0, 0, 0, 0, 0, 5, 0, 
0, 1, 0, 0, 0, 0, 0, 0, 0, 0, 0, 0, 0, 0, 0, 0, 
14, 0, 0, 0, 0, 0, 0, 0, 0, 0, 0, 0, -2042, 2, -2046, 0, 
10, 11, 0, 0, 0, 0, 0, 0, -1565, 0, -1853, 0, 0, 0, -614, 0, 
0, 0, 0, 0, -576, 0, 0, 0, 7, 0, 14, 0, 14, 0, 0, 0, 
0, 0, 1, 0, -300, 0, 0, 0, 9, 0, 0, 0, 3, 0, 3, 0, 
3, 0, 3, 0, 3, 0, 3, 0, 4, 0, 4, 0, 4, 0, 4, 0
 },
{ 4, 0, 4, 0, 4, 0, 8, 0, -1739, 0, -294, 34, 3, 9, 0, 0, 
0, 0, 0, 0, 0, 0, 0, 0, 15, 3, 0, 0, 0, 0, 1, 0, 
5, 0, 0, 0, 0, 0, 2, 0, 0, 0, 30, 0, 5, 0, 2, 0, 
0, 0, 3, 0, 3, 0, 3, 0, 0, 0, 4, 0, 2, 0, 4, 0, 
0, 0, 5, 0, 1, 0, 5, 0, 0, 0, 7, 0, 0, 0, 7, 0, 
0, 0, 30, 0, 0, 15, 0, 0, -1726, 0, 0, 0, 0, 0, 0, 0, 
0, 0, 0, 0, 0, 0, 0, 0, 16, 0, 1, 0, 0, 0, 0, 0, 
0, 0, 0, 0, 0, 0, 0, 0, 0, -1024, 0, 0, 0, 0, 0, 0
 },
{ 0, 0, 0, 0, 0, 0, 0, 0, 0, 0, 0, 0, 0, 0, 1, 0, 
0, 0, 0, 0, 0, 0, 0, 0, 0, 0, 0, 0, 0, 0, 0, 0, 
0, 0, 0, 0, 0, 0, 0, 0, 0, 0, 0, 0, 0, 0, 0, 0, 
0, 0, 0, 0, 0, 0, 0, 0, 0, 0, 0, 0, 0, 0, 0, 0, 
0, 0, 0, 0, 0, 0, 0, 0, 0, 0, 0, 0, 0, 0, 0, 0, 
0, 0, 0, 0, 0, 0, 0, 0, 0, 0, 0, 0, 0, 0, 0, 0, 
0, 0, 0, 0, 0, 0, 0, 0, 0, 0, 0, 0, 0, 0, 0, 0, 
0, 0, 0, 0, 0, 0, 0, 0, 0, 0, 0, 0, 0, 0, 0, 0
 },
{ 0, 0, 0, 0, 0, 0, 0, 0, 0, 0, 0, 0, 0, 0, 0, 0, 
0, 0, 0, 0, 0, 0, 0, 0, 0, 0, 0, 0, 0, 0, 0, 0, 
0, 0, 0, 0, 0, 0, 0, 0, 0, 0, 0, 0, 0, 0, 0, 0, 
0, 0, 0, 0, 0, 0, 0, 0, 0, 0, 0, 0, 0, 0, 0, 0, 
0, 0, 0, 0, 0, 0, 0, 0, 0, 0, 0, 0, 0, 0, 0, 0, 
0, 0, 0, 0, 0, 0, 0, 0, 0, 0, 0, 0, 0, 0, 0, 0, 
0, 0, 0, 0, 0, 0, 0, 0, 0, 0, 0, 0, 0, 0, 0, 0, 
0, 0, 0, 0, 0, 0, 0, 0, 0, 0, 0, 0, 0, 0, 0, 0
 },
{ 0, 0, 22, 0, 0, 0, 0, 0, 0, 0, 22, 0, 0, 0, 0, 0, 
0, 0, 22, 0, 0, 0, 0, 0, 0, 0, 22, 0, -24, 0, -35, 0, 
-24, 0, -35, 0, -24, 0, -35, 0, -24, 0, -35, 0, -24, 0, -35, 0, 
-24, 0, -35, 0, -24, 0, -35, 0, -24, 0, -35, 0, -24, 0, -35, 0, 
-24, 0, -35, 0, -24, 0, -35, 0, -24, 0, -35, 0, -24, 0, -35, 0, 
-24, 0, -35, 0, -24, 0, -35, 0, -24, 0, -35, 0, -24, 0, -35, 0, 
-24, 0, -35, 0, -24, 0, -35, 0, -24, 0, -35, 0, -24, 0, -35, 0, 
-24, 0, -35, 0, -24, 0, -35, 0, -24, 0, -35, 0, -24, 0, -35, 0
 },
{ -24, 0, -35, 0, -24, 0, -35, 0, -24, 0, -35, 0, -24, 0, -35, 0, 
-24, 0, -35, 0, -24, 0, -35, 0, -24, 0, -35, 0, -24, 0, -35, 0, 
-24, 0, -35, 0, -24, 0, -35, 0, -24, 0, -35, 0, -24, 0, -35, 0, 
-24, 0, -35, 0, -24, 0, -35, 0, -24, 0, -35, 0, -24, 0, -35, 0, 
-24, 0, -35, 0, 0, 0, 0, 0, 0, 0, 0, 0, 0, 0, 0, 0, 
0, 0, 0, 0, 0, 0, 0, 0, 0, 0, 0, 0, 0, 0, 0, 0, 
0, 0, 0, 0, 0, 0, 0, 0, 1, 0, 0, 0, 0, 0, 0, 0, 
0, 0, 0, 0, 0, 0, 0, 0, 0, 0, 0, 0, 0, 0, 0, 0
 },
{ 0, 0, 0, 0, 0, 0, 0, 0, 0, 0, 0, 0, 0, 0, 0, 0, 
17, 0, 0, 0, 0, 0, 0, 0, 0, 0, 0, 0, 0, 0, 0, 0, 
0, 0, 0, 0, 0, 0, 0, 0, 0, 0, 0, 0, 0, 0, 0, 0, 
0, 0, 0, 0, 0, 0, 0, 0, 0, 0, 0, 0, 0, 0, 0, 0, 
1, 0, 0, 0, 0, 0, 0, 0, 0, 0, 0, 0, 0, 0, 0, 0, 
2, 1, 0, 0, 5, 17, 0, 0, 0, 0, 0, 0, 0, 0, 0, 0, 
0, 0, 0, 0, 0, 0, 0, 0, 4, 5, 0, 0, 0, 0, 0, 0, 
0, 0, 0, 0, 0, 49, 0, 0, 2, 4, 0, 0, 0, 0, 0, 0
 },
{ 4, 2, 0, 0, 0, 0, 0, 0, 0, 0, 0, 0, 0, 0, 0, 0, 
9, 4, 0, 0, 3, 0, 3, 0, 3, 0, 3, 0, 3, 0, 3, 0, 
4, 0, 4, 0, 4, 0, 4, 0, 4, 0, 4, 0, 4, 0, 8, 0, 
0, 0, 0, 0, 17, 9, 0, 0, 0, 0, 0, 0, 3, 0, 0, 0, 
0, 0, 0, 0, 0, 0, 0, 0, 4, 0, 0, 0, -780, 0, -1814, 0, 
3, 0, 0, 0, 0, 0, 0, 0, 0, 0, 0, 0, 4, 0, 0, 0, 
-796, 0, -1814, 0, 3, 0, 0, 0, 0, 0, 0, 0, 0, 0, 0, 0, 
4, 0, 0, 0, -1105, 0, -1814, 0, 17, 17, 0, 0, 0, 0, 0, 0
 },
{ 0, 0, 0, 0, 4, 0, 0, 0, -800, 0, -454, 34, 3, 0, 0, 0, 
0, 0, 0, 0, 0, 0, 0, 0, 4, 0, 0, 0, -484, 0, -454, 34, 
3, 0, 0, 0, 0, 0, 0, 0, 0, 0, 0, 0, 4, 0, 0, 0, 
-300, 0, -1814, 0, 3, 0, 0, 0, 0, 0, 0, 0, 10, 17, 0, 0, 
0, 0, 0, 0, 0, 0, 0, 0, 0, 0, 0, 0, 0, 0, 0, 0, 
0, 0, 0, 0, 0, 0, 0, 0, 0, 0, 0, 0, 0, 0, 0, 0, 
0, 0, -1814, 0, 15, 10, 0, 0, -1933, 0, 7, 0, -487, 0, -454, 34, 
4, 0, 0, 0, -800, 0, -454, 34, 4, 0, -6, 0, -796, 0, -1814, 0
 },
{ 4, 0, 0, 0, -300, 0, -1814, 0, 4, 0, 0, 0, -484, 0, -454, 34, 
4, 0, 0, 0, -780, 0, -1814, 0, 4, 0, 0, 0, -1105, 0, -1814, 0, 
0, 15, 0, 0, 0, 0, -558, 0, 0, 2, 0, 0, 0, 0, 0, 0, 
0, 0, 0, 0, 16, 0, 1, 0, 0, 0, 0, 0, 0, 0, 0, 0, 
0, 0, -2042, 0, 0, -1024, 0, 0, 0, 0, 0, 0, 0, 0, 0, 0, 
0, 0, 0, 0, 0, 0, 0, 0, 0, 0, 1, 0, 0, 0, 0, 0, 
0, 0, 0, 0, 0, 0, 0, 0, 0, 0, 0, 0, 0, 0, 0, 0, 
0, 0, 0, 0, 0, 0, 0, 0, 0, 0, 0, 0, 0, 0, 1, 0
 },
{ 0, 0, 22, 0, 0, 0, 0, 0, 1, 0, 23, 0, 0, 0, 0, 0, 
1, 0, 23, 0, 0, 0, 0, 0, 1, 0, 23, 0, 0, 0, 0, 0, 
0, 0, 0, 0, 0, 0, 0, 0, 0, 0, 0, 0, 0, 0, 0, 0, 
0, 0, 0, 0, 0, 0, 0, 0, 0, 0, 0, 0, 0, 0, 0, 0, 
0, 0, 0, 0, 0, 0, 0, 0, 0, 0, 0, 0, 0, 0, 0, 0, 
0, 0, 0, 0, 0, 0, 0, 0, 0, 0, 0, 0, 0, 0, 0, 0, 
0, 0, 0, 0, 0, 0, 0, 0, 0, 0, 0, 0, 0, 0, 0, 0, 
0, 0, 0, 0, 0, 0, 0, 0, 0, 0, 0, 0, 0, 0, 0, 0
 },
{ 0, 0, 0, 0, 0, 0, 0, 0, 0, 0, 0, 0, 0, 0, 0, 0, 
0, 0, 0, 0, 0, 0, 0, 0, 0, 0, 0, 0, 0, 0, 0, 0, 
0, 0, 0, 0, 0, 0, 0, 0, 0, 0, 0, 0, 0, 0, 0, 0, 
0, 0, 0, 0, 0, 0, 0, 0, 0, 0, 0, 0, 0, 0, 0, 0, 
0, 0, 0, 0, 0, 0, 0, 0, 0, 0, 0, 0, 0, 0, 0, 0, 
1, 0, 1, 0, 0, 0, 0, 0, 1, 0, 1, 0, 0, 0, 0, 0, 
1, 0, 1, 0, 0, 0, 0, 0, 0, 0, -1, 0, 0, 0, -1, 0, 
0, 0, -1, 0, 0, 0, -1, 0, 0, 0, -1, 0, 0, 0, -1, 0
 },
{ 0, 0, -1, 0, 0, 0, -1, 0, 0, 0, -1, 0, 0, 0, -1, 0, 
0, 0, -1, 0, 0, 0, -1, 0, 0, 0, -1, 0, 0, 0, -1, 0, 
0, 0, -1, 0, 0, 0, -1, 0, 0, 0, -1, 0, 0, 0, -1, 0, 
0, 0, -1, 0, 0, 0, -1, 0, 0, 0, -1, 0, 0, 0, -1, 0, 
0, 0, -1, 0, 0, 0, -1, 0, 0, 0, -1, 0, 0, 0, -1, 0, 
0, 0, -1, 0, 0, 0, -1, 0, 0, 0, -1, 0, 0, 0, -1, 0, 
0, 0, -1, 0, 0, 0, -1, 0, 0, 0, -1, 0, 0, 0, -1, 0, 
0, 0, -1, 0, 0, 0, -1, 0, 0, 0, -1, 0, 0, 0, -1, 0
 },
{ 0, 0, -1, 0, 0, 0, -1, 0, 0, 0, -1, 0, 0, 0, -1, 0, 
0, 0, 0, 0, 0, 0, 0, 0, 0, 0, 0, 0, 0, 0, 0, 0, 
0, 0, 0, 0, 0, 0, 0, 0, 0, 0, 0, 0, 0, 0, 0, 0, 
0, 0, 0, 0, 1, 0, 0, 0, 0, 0, 0, 0, 0, 0, 0, 0, 
0, 0, 0, 0, 0, 0, 0, 0, 0, 0, 0, 0, 0, 0, 0, 0, 
0, 0, 0, 0, 0, 0, 0, 0, 0, 0, 0, 0, 17, 0, 0, 0, 
0, 0, 0, 0, 0, 0, 0, 0, 25, 0, 40, 0, 0, 0, 0, 0, 
-18, 0, 0, 0, 0, 0, -1926, 0, 0, 0, 0, 0, -576, 0, 0, 0
 },
{ 9, 0, 20, 0, 20, 0, 1, 0, 0, 0, 0, 0, 0, 0, 0, 0, 
15, 10, 0, 0, 0, 0, 0, 0, -487, 0, -454, 34, 4, 0, 10, 0, 
9, 17, 0, 0, 0, 0, 0, 0, 0, 0, 0, 0, 0, 0, 0, 0, 
0, 0, 0, 0, 0, 0, 0, 0, 0, 0, 0, 0, 0, 0, 0, 0, 
0, 0, 0, 0, 2, 9, 3, 0, 0, 0, -1626, 0, 4, 2, 0, 0, 
0, 0, 0, 0, 0, 0, 0, 0, 0, 0, 0, 0, 9, 4, 0, 0, 
0, 0, 0, 0, 0, 0, -1035, 0, 0, 1, 7, 0, 0, 0, 0, 0, 
5, 0, 0, 0, 0, 0, -2038, 1, 0, 0, -2046, 0, 0, 0, 0, 0
 },
{ 0, 9, 0, 0, 0, 0, 0, 0, -6, 1, -6, 1, -6, 1, -6, 1, 
-6, 1, -6, 1, -6, 1, -6, 1, -6, 1, -6, 1, -6, 1, 0, 1, 
2, 3, 1, -5, 1, 0, 1, 3, 5, 7, 1, -5, 1, 0, 1, 4, 
13, 2, 15, 1, -5, 1, 0, 1, 4, 5, 7, 9, 1, -5, 1, 7, 
1, 13, 1, 11, 1, 5, 1, -5, 1, 0, 1, 2, 9, 1, -5, 1, 
2, 3, 1, 0, 1, 4, 9, 1, 5, 1, -5, 1, 8, 1, 7, 1, 
1, 9, 1, 9, 1, -5, 1, 7, 1, 7, 1, 13, 1, 9, 1, -5, 
1, 0, 1, 5, 7, 1, 1, 9, 1, -5, 1, 0, 1, 4, 7, 1
 },
{ 13, 1, 0, 1, 2, 5, 1, -5, 1, 0, 1, 7, 7, 1, 7, 1, 
1, 9, 1, -5, 1, 0, 1, 6, 7, 1, 15, 1, 9, 1, -5, 1, 
0, 1, 5, 7, 1, 1, 9, 1, -5, 1, 0, 1, 4, 7, 1, 13, 
1, 0, 1, 2, 3, 1, -5, 1, 0, 1, 8, 7, 1, 7, 1, 1, 
9, 7, 1, -5, 1, 0, 1, 8, 7, 1, 15, 1, 13, 1, 15, 1, 
-5, 1, 0, 1, 7, 7, 1, 1, 5, 7, 9, 1, -5, 1, 0, 1, 
8, 7, 1, 13, 1, 11, 1, 3, 1, -5, 1, 0, 1, 8, 7, 1, 
1, 5, 1, 5, 7, 1, -5, 1, 0, 1, 8, 7, 1, 13, 1, 13
 },
{ 1, 15, 1, -5, 1, 0, 1, 7, 7, 1, 1, 5, 15, 13, 1, -5, 
1, 0, 1, 4, 7, 1, 13, 1, -5, 1, 0, 1, 5, 7, 1, 1, 
5, 1, -5, 1, 0, 1, 4, 7, 1, 13, 1, -5, 1, 0, 1, 2, 
7, 1, -5, 1, 0, 1, 2, 15, 1, -5, 1, -6, 1, -6, 1, -6, 
1, -6, 1, -6, 1, -6, 1, -6, 1, -6, 1, -6, 1, -6, 1, -6, 
1, -6, 1, -6, 1, -6, 1, -6, 1, -6, 1, -6, 1, -6, 1, -6, 
1, -6, 1, -6, 1, -6, 1, -6, 1, -6, 1, -6, 1, -6, 1, -6, 
1, -6, 1, -6, 1, -6, 1, -6, 1, -6, 1, -6, 1, -6, 1, -6
 },
{ 1, -6, 1, -6, 1, -6, 1, -6, 1, -6, 1, -6, 1, -6, 1, -6, 
1, -6, 1, -6, 1, -6, 1, -6, 1, -6, 1, -6, 1, -6, 1, -6, 
1, -6, 1, -6, 1, -6, 1, -6, 1, -6, 1, -6, 1, -6, 1, -6, 
1, -6, 1, -6, 1, -6, 1, 0, 6, 0, 0, 0, 0, 0, 0, 0, 
0, 0, 0, 0, 0, 0, 0, 0, 0, 0, 0, 0, 0, 0, 0, 0, 
4, 6, 0, 0, 0, 0, 0, 0, 0, 0, 0, 0, 0, 50, -20, 0, 
5, 4, 0, 0, 0, 0, 0, 0, 0, 0, 0, 0, 0, 0, 0, 0, 
0, 0, 0, 0, 6, 5, 0, 0, 0, 0, 0, 0, 0, 0, 0, 0
 },
{ 0, 0, 0, 0, 0, 0, 0, 0, 0, 0, 0, 0, 6, 6, 0, 0, 
0, 0, 0, 0, 0, 0, 0, 0, 0, 0, 0, 0, 0, 0, 0, 0, 
0, 0, 0, 0, 6, 6, 0, 0, 0, 0, 0, 0, 0, 0, 1, 0, 
0, 0, 0, 0, 0, 0, 38, 0, 0, 32, 0, 0, 33, 6, 0, 0, 
0, 0, 0, 0, 0, 0, 0, 0, 0, 0, 0, 0, 0, 0, 0, 0, 
0, 0, 0, 0, 0, 0, 0, 0, 0, 0, 0, 0, 0, 0, 0, 0, 
0, 0, 0, 0, 0, 0, 0, 0, 0, 0, 0, 0, 0, 0, 0, 0, 
0, 0, 0, 0, 0, 0, 0, 0, 0, 0, 0, 0, 0, 0, 0, 0
 },
{ 0, 0, 0, 0, 0, 0, 0, 0, 0, 0, 0, 0, 0, 0, 0, 0, 
0, 0, 0, 0, 0, 0, 0, 0, 0, 0, 0, 0, 0, 0, 0, 0, 
0, 0, 0, 0, 0, 0, 0, 0, 0, 0, 0, 0, 0, 0, 0, 0, 
0, 0, 0, 0, 0, 0, 0, 0, 0, 0, 0, 0, 0, 0, 0, 0, 
19, 33, 0, 0, 0, 0, 0, 0, 0, 0, 0, 0, 0, 0, 32, 0, 
0, 0, 32, 0, 0, 0, 0, 0, 0, 0, 0, 32, 0, 0, 0, 0, 
0, 32, 0, 0, 32, 0, 0, 0, 0, 0, 0, 0, 32, 0, 0, 0, 
32, 0, 0, 0, 0, 0, 32, 0, 0, 0, 0, 0, 0, 0, 32, 0
 },
{ 0, 0, 32, 0, 0, 0, 0, 0, 46, 0, -1814, 0, 19, 19, 0, 0, 
4, 0, 1, 0, 0, 0, -294, 34, 4, 0, 10, 0, 0, 0, -294, 34, 
4, 0, 11, 0, 0, 0, -294, 34, 4, 0, 12, 0, -1739, 0, -294, 34, 
4, 0, 0, 0, -800, 0, -294, 34, 4, 0, 0, 0, -707, 0, -1814, 0, 
4, 0, -454, 34, 0, 0, -1590, 0, 4, 0, -454, 34, -286, 0, -1814, 0, 
4, 0, 0, 0, -271, 0, -1814, 0, 17, 19, 0, 0, 0, 0, 0, 0, 
0, 0, 0, 0, 0, 0, 0, 0, 0, 0, 0, 0, 0, 0, 0, 0, 
0, 0, 0, 0, 0, 0, 0, 0, 0, 0, 0, 0, 0, 0, 0, 0
 },
{ 0, 0, 0, 0, 0, 0, 0, 0, 1, 0, 0, 0, 0, 0, 0, 0, 
0, 0, 0, 0, 0, 0, 0, 0, 2, 1, 0, 0, 3, 17, 0, 0, 
0, 0, 0, 0, 0, 0, 0, 0, 11, 3, 0, 0, 34, 0, 7, 0, 
0, 0, 5, 0, 0, 1, 0, 0, 0, 0, 0, 0, 0, 0, 0, 0, 
0, 0, 0, 0, 0, 0, 0, 0, 0, 0, -1019, 0, 0, 0, 0, 0, 
-2042, 2, -2046, 0, 0, 11, 0, 0, 0, 0, 0, 0, 0, 0, 0, 0, 
0, 0, 0, 0, 0, 0, 0, 0, 0, 0, 0, 0, 0, 0, 0, 0, 
0, 0, 0, -1920, 0, 0, -1920, 0, 0, -1920, 0, 0, -1920, 0, 0, -1920
 },
{ 0, 0, -1920, 0, 0, -1920, -16, 0, 0, 0, 0, -1920, 0, 0, -1920, 0, 
0, -1920, 0, 0, -1920, 0, 0, -1920, 0, 0, -1920, 0, 0, -1920, -16, 0, 
0, 0, 0, -1920, 0, 0, -1920, 0, 0, -1920, 0, 0, -1920, 0, 0, -1920, 
0, 0, -1920, 0, 0, -1920, -16, 0, 0, 0, 0, -1920, 0, 0, -1920, 0, 
0, -1920, 0, 0, -1920, 0, 0, -1920, 0, 0, -1920, 0, 0, -1920, -16, 0, 
0, 0, 0, -1920, 0, 0, -1920, 0, 0, -1920, 0, 0, -1920, 0, 0, -1920, 
0, 0, -1920, 0, 0, -1920, -16, 0, 0, 0, 0, -1920, 0, 0, -1920, 0, 
0, -1920, 0, 0, -1920, 0, 0, -1920, 0, 0, -1920, 0, 0, -1920, -16, 0
 },
{ 0, 0, 0, -1920, 0, 0, -1920, 0, 0, -1920, 0, 0, -1920, 0, 0, -1920, 
0, 0, -1920, 0, 0, -1920, -16, 0, 0, 0, 0, -1920, 0, 0, -1920, 0, 
0, -1920, 0, 0, -1920, 0, 0, -1920, 0, 0, -1920, 0, 0, -1920, -16, 0, 
0, 0, 0, -1920, 0, 0, -1920, 0, 0, -1920, 0, 0, -1920, 0, 0, -1920, 
0, 0, -1920, 0, 0, -1920, -16, 0, 0, 0, 0, -1920, 0, 0, -1920, 0, 
0, -1920, 0, 0, -1920, 0, 0, -1920, 0, 0, -1920, 0, 0, -1920, -16, 0, 
0, 0, 0, -1920, 0, 0, -1920, 0, 0, -1920, 0, 0, -1920, 0, 0, -1920, 
0, 0, -1920, 0, 0, -1920, -16, 0, 0, 0, 0, -1920, 0, 0, -1920, 0
 },
{ 0, -1920, 0, 0, -1920, 0, 0, -1920, 0, 0, -1920, 0, 0, -1920, -16, 0, 
0, 0, 0, -1920, 0, 0, -1920, 0, 0, -1920, 0, 0, -1920, 0, 0, -1920, 
0, 0, -1920, 0, 0, -1920, -16, 0, 0, 0, 0, -1920, 0, 0, -1920, 0, 
0, -1920, 0, 0, -1920, 0, 0, -1920, 0, 0, -1920, 0, 0, -1920, -16, 0, 
0, 0, 0, 0, 0, 0, 0, 0, 0, 0, 0, 0, 0, 0, 0, 0, 
0, 0, 0, 0, 0, 0, 0, 0, 17, 0, 0, 0, 0, 0, 0, 0, 
0, 0, 0, 0, 4, 0, 0, 0, -286, 0, -1814, 0, 3, 0, 0, 0, 
0, 0, 0, 0, 0, 0, 0, 0, 0, 0, 0, 0, 0, 0, 0, 0
 },
{ 0, 0, 0, 0, 0, 0, 0, 0, 0, 0, 0, 0, 4, 0, 0, 0, 
0, 0, -294, 34, 3, 0, 0, 0, 0, 0, 0, 0, 17, 17, 0, 0, 
0, 0, 0, 0, 0, 0, 0, 0, 0, 0, 0, 0, 0, 0, 0, 0, 
0, 0, 0, 0, 4, 0, 0, 0, 0, 0, -294, 34, 3, 0, 0, 0, 
0, 0, 0, 0, 0, 0, 0, 0, 0, 0, 0, 0, 0, 0, 0, 0, 
0, 0, 0, 0, 0, 0, 0, 0, 0, 0, 0, 0, 4, 0, 0, 0, 
5, 17, 0, 0, 0, 0, 0, 0, 0, 0, 0, 0, 0, 0, 0, 0, 
0, 0, 0, 0, 4, 5, 0, 0, 0, 0, 0, 0, 0, 0, 0, 0
 },
{ 0, 0, 0, 0, 11, 4, 0, 0, -886, 0, 7, 0, -800, 0, -454, 34, 
1, 0, 0, 0, 0, 0, 0, 0, 0, 0, 0, 0, 4, 0, 0, 0, 
-487, 0, -454, 34, 3, 0, -1019, 0, 0, 0, 0, 0, 0, 0, -2046, 0, 
6, 11, 0, 0, 0, 0, 0, 0, 0, 0, 0, 0, 0, 0, 0, 0, 
0, 0, 0, 0, 0, 0, 0, 0, 6, 6, 0, 0, 0, 0, 0, 0, 
0, 0, 0, 0, 0, 0, 0, 0, 0, 0, 0, 0, 0, 0, 0, 0, 
5, 6, 0, 0, 0, 0, 11, 12, 1, 11, 12, 1, 9, 11, 10, 11, 
9, 11, 1, 0, 6, 5, 0, 0, 0, 0, 0, 0, 0, 0, 0, 0
 },
{ 0, 0, 0, 0, -844, 0, 0, 0, 0, 0, 0, 0, 19, 6, 0, 0, 
0, 0, 0, 0, 0, 0, 0, 0, 0, 0, 32, 0, 0, 0, 32, 0, 
0, 0, 0, 0, 0, 0, 0, 32, 0, 0, 0, 0, 0, 32, 0, 0, 
32, 0, 0, 0, 0, 0, 0, 0, 32, 0, 0, 0, 32, 0, 0, 0, 
0, 0, 32, 0, 0, 0, 0, 0, 0, 0, 32, 0, 0, 0, 32, 0, 
0, 0, 0, 0, 46, 0, -1814, 0, 11, 19, 0, 0, 34, 0, 7, 0, 
0, 0, 5, 0, 0, 1, 0, 0, 0, 0, 0, 0, 0, 0, 0, 0, 
0, 0, 0, 0, 0, 0, 0, 0, 0, 0, -1019, 0, 0, 0, 0, 0
 },
{ -2042, 2, -2046, 0, 6, 11, 0, 0, 0, 0, 0, 0, 0, 0, 0, 0, 
0, 0, 0, 0, 0, 0, 0, 0, 0, 0, 0, 0, 11, 6, 0, 0, 
8, 0, 1, 0, 10, 0, 10, 0, 10, 0, 10, 0, 10, 0, 11, 0, 
11, 0, 11, 0, 12, 0, 12, 0, 12, 0, 12, 0, 12, 0, 12, 0, 
12, 0, 12, 0, 12, 0, 13, 0, 8, 11, 0, 0, 0, 0, 0, 0, 
0, 0, 0, 0, 0, 0, 0, 0, 0, 0, 0, 0, 0, 0, 0, 0, 
0, 0, 0, 0, 0, 0, 0, 0, 3, 8, 0, 0, 0, 0, 0, 0, 
0, 0, 0, 0, 3, 3, 0, 0, 0, 0, 3, 0, 3, 0, 3, 0
 },
{ 0, 3, 0, 0, 0, 0, -1609, 0, 0, 0, 0, 0, 0, 0, 0, 0, 
2, 0, 0, 0, 16, 0, 1, 0, 0, 0, 0, 0, 0, 0, 0, 0, 
0, 0, -2043, 0, 0, -1024, 0, 0, 16, 0, 0, 0, 0, 0, 0, 0, 
0, 0, 0, 0, 0, 0, 0, 0, 0, 0, 1, 0, 0, 0, 0, 0, 
0, 0, 0, 0, 0, 0, 0, 0, 0, 0, 0, 0, 0, 0, 0, 0, 
0, 0, 0, 0, 0, 0, 0, 0, 0, 0, 0, 0, 0, 0, 1, 0, 
0, 0, 0, 0, 0, 0, 0, 0, 0, 0, 0, 0, 0, 0, 0, 0, 
0, 0, 0, 0, 0, 0, 0, 0, 0, 0, 0, 0, 0, 0, 0, 0
 },
{ 0, 0, 0, 0, 0, 0, 0, 0, 0, 0, 0, 0, 0, 0, 0, 0, 
0, 0, 0, 0, 0, 0, 0, 0, 0, 0, 0, 0, 0, 0, 0, 0, 
0, 0, 0, 0, 0, 0, 0, 0, 0, 0, 0, 0, 0, 0, 0, 0, 
0, 0, 0, 0, 0, 0, 0, 0, 0, 0, 0, 0, 0, 0, 0, 0, 
0, 0, 0, 0, 0, 0, 0, 0, 0, 0, 0, 0, 0, 0, 0, 0, 
0, 0, 0, 0, 0, 0, 0, 0, 0, 0, 0, 0, 0, 0, 0, 0, 
0, 0, 0, 0, 0, 0, 0, 0, 0, 0, 0, 0, 0, 0, 0, 0, 
0, 0, 0, 0, 0, 0, 0, 0, 0, 0, 0, 0, 0, 0, 0, 0
 }
};

const unsigned short Future_cmap[256] = {
0x0000, 0x7FFF, 0x6F7B, 0x5EF7, 0x4E73, 0x318C, 0x2108, 0x1084,
0x001F, 0x023F, 0x03FF, 0x03E0, 0x7FE0, 0x7C0E, 0x7C1F, 0x4419,
0x295F, 0x57F5, 0x7F35, 0x56BF, 0x57FF, 0x4400, 0x0220, 0x0011,
0x0100, 0x10C8, 0x190C, 0x214C, 0x3191, 0x6F7B, 0x77BD, 0x0000,
0x7FFF, 0x7FFF, 0x7FFF, 0x7FFF, 0x7FFF, 0x001F, 0x0000, 0x0000,
0x0012, 0x0200, 0x0000, 0x0000, 0x0000, 0x0000, 0x0000, 0x0000,
0x0000, 0x0000, 0x0000, 0x0000, 0x7FFF, 0x001F, 0x0000, 0x0000,
0x239E, 0x0050, 0x0800, 0x0000, 0x0000, 0x01C0, 0x0800, 0x0000,
0x0000, 0x0120, 0x2400, 0x0000, 0x237E, 0x0090, 0x1000, 0x0000,
0x200F, 0x0000, 0x0000, 0x0000, 0x7FFF, 0x000F, 0x0000, 0x0000,
0x0000, 0x7FE0, 0x03FF, 0x0000, 0x7FFF, 0x001F, 0x0000, 0x0000,
0x0000, 0x0000, 0x0000, 0x0000, 0x0000, 0x0000, 0x0000, 0x0000,
0x0000, 0x0000, 0x0000, 0x0000, 0x0000, 0x0000, 0x0000, 0x0000,
0x0000, 0x0000, 0x2400, 0x0000, 0x0000, 0x7FE0, 0x01FF, 0x0000,
0x0000, 0x7FE0, 0x03FF, 0x0000, 0x0001, 0x0000, 0x0000, 0x0000,
0x0000, 0x0000, 0x0000, 0x0000, 0x0000, 0x7FE0, 0x03FF, 0x0000,
0x0000, 0x0000, 0x7C00, 0x7FFF, 0x003F, 0x0000, 0x7C00, 0x7FFF,
0x0000, 0x0000, 0x0000, 0x0000, 0x0000, 0x0000, 0x0000, 0x0000,
0x0000, 0x0000, 0x0000, 0x0000, 0x0000, 0x00BF, 0x1400, 0x0000,
0x0000, 0x0000, 0x0000, 0x0000, 0x0000, 0x0000, 0x0000, 0x0000,
0x0000, 0x0000, 0x5800, 0x0100, 0x0007, 0x7ADE, 0x75FC, 0x3F9E,
0x73DF, 0x000F, 0x6C00, 0x0100, 0x0000, 0x31A0, 0x7C02, 0x7FFF,
0x0000, 0x0000, 0x0000, 0x0000, 0x0000, 0x0000, 0x3400, 0x5000,
0x2050, 0x1140, 0x7408, 0x09A7, 0x0774, 0x18A0, 0x0E66, 0x2080,
0x0167, 0x1BC0, 0x001E, 0x0000, 0x0C7E, 0x0000, 0x5D20, 0x0000,
0x0007, 0x0A14, 0x2808, 0x0104, 0x0000, 0x0000, 0x0800, 0x0000,
0x0000, 0x0000, 0x0000, 0x0000, 0x0000, 0x0420, 0x1008, 0x7800,
0x1803, 0x0000, 0x2800, 0x3465, 0x2802, 0x31AC, 0x31CC, 0x2140,
0x2109, 0x010A, 0x4000, 0x5000, 0x2007, 0x1240, 0x7C08, 0x3FFF,
0x1C00, 0x00E0, 0x0401, 0x0000, 0x0000, 0x0640, 0x0008, 0x0000,
0x0000, 0x0000, 0x0000, 0x0000, 0x0000, 0x0000, 0x0000, 0x0000,
0x0003, 0x0074, 0x6408, 0x0141, 0x180D, 0x00A0, 0x2009, 0x7FFF
};

